468175, -0.06, 0.05, -1.02
468195, -0.06, 0.03, -1.02
468215, -0.06, 0.04, -1.03
468235, -0.06, 0.04, -1.03
468255, -0.06, 0.04, -1.02
468275, -0.06, 0.03, -1.03
468295, -0.07, 0.04, -1.02
468315, -0.07, 0.05, -1.04
468335, -0.06, 0.04, -1.02
468355, -0.06, 0.04, -1.03
468375, -0.06, 0.04, -1.03
468395, -0.06, 0.05, -1.02
468415, -0.06, 0.04, -1.02
468434, -0.06, 0.04, -1.03
468454, -0.06, 0.04, -1.03
468475, -0.07, 0.04, -1.03
468495, -0.06, 0.05, -1.02
468515, -0.06, 0.04, -1.03
468535, -0.07, 0.04, -1.04
468555, -0.06, 0.04, -1.03
468574, -0.06, 0.04, -1.02
468594, -0.07, 0.04, -1.02
468614, -0.06, 0.05, -1.03
468635, -0.05, 0.04, -1.02
468655, -0.05, 0.04, -1.04
468675, -0.06, 0.04, -1.02
468694, -0.06, 0.04, -1.02
468714, -0.06, 0.04, -1.02
468734, -0.06, 0.04, -1.04
468754, -0.06, 0.05, -1.02
468775, -0.06, 0.04, -1.02
468795, -0.06, 0.03, -1.02
468814, -0.07, 0.05, -1.03
468834, -0.06, 0.04, -1.03
468854, -0.06, 0.04, -1.03
468874, -0.07, 0.04, -1.02
468894, -0.06, 0.04, -1.02
468914, -0.06, 0.04, -1.03
468935, -0.06, 0.03, -1.03
468954, -0.06, 0.04, -1.04
468974, -0.06, 0.04, -1.03
468994, -0.07, 0.04, -1.02
469014, -0.06, 0.05, -1.02
469034, -0.07, 0.04, -1.03
469054, -0.06, 0.04, -1.03
469074, -0.06, 0.04, -1.03
469094, -0.06, 0.04, -1.02
469114, -0.05, 0.05, -1.02
469134, -0.06, 0.03, -1.04
469154, -0.05, 0.04, -1.02
469174, -0.07, 0.05, -1.04
469194, -0.06, 0.04, -1.02
469214, -0.07, 0.04, -1.03
469234, -0.06, 0.04, -1.03
469254, -0.07, 0.04, -1.03
469274, -0.07, 0.04, -1.02
469294, -0.06, 0.04, -1.02
469314, -0.06, 0.05, -1.02
469333, -0.06, 0.03, -1.03
469354, -0.06, 0.04, -1.03
469374, -0.07, 0.04, -1.04
469394, -0.07, 0.05, -1.03
469414, -0.07, 0.04, -1.03
469434, -0.09, 0.04, -0.94
469453, 0.12, 0.19, -1.12
469473, 0.13, 0.08, -1.21
469493, 0.10, 0.05, -1.05
469513, 0.03, 0.11, -1.64
469533, 0.13, 0.08, -1.37
469553, -0.93, 0.72, -0.04
469573, 0.10, 0.36, -0.17
469593, -0.59, 0.18, 2.27
469614, -0.04, -0.47, -1.12
469633, 0.34, -0.10, -1.06
469653, -0.11, -0.17, -0.84
469673, 0.02, 0.12, -0.90
469693, 0.06, 0.10, -0.95
469713, -0.12, -0.01, -1.06
469734, -0.09, -0.04, -0.94
469753, -0.38, 0.00, -0.73
469773, 0.27, -0.16, -1.02
469793, -0.08, -0.04, -0.96
469813, 0.02, 0.04, -0.98
469833, -0.30, 0.10, -0.96
469853, 0.21, 0.32, -1.02
469873, 0.00, 0.09, -0.80
469893, 0.05, 0.24, -0.98
469913, 0.21, 0.07, -1.08
469933, -0.07, 0.01, -0.84
469953, 0.08, 0.02, -0.67
469973, -0.08, 0.30, -1.62
469993, 0.02, 0.06, -0.90
470013, 0.04, 0.10, -0.98
470033, -0.09, 0.23, -1.05
470053, -0.01, 0.06, -1.03
470073, 0.09, 0.02, -1.42
470093, 0.20, -0.14, -1.48
470113, 0.18, -0.11, -1.31
470133, 0.30, -0.17, -0.96
470153, 0.56, -0.07, -0.34
470173, 0.62, -0.15, -0.60
470193, 0.80, -0.36, -0.68
470213, 0.85, -0.42, -0.65
470233, 0.84, -0.14, -0.62
470253, 0.73, -0.23, -0.23
470273, 0.88, -0.21, 0.04
470293, 0.87, -0.04, 0.34
470313, 0.73, 0.08, 0.25
470333, 0.60, 0.07, 0.26
470353, 0.50, 0.10, 0.41
470372, 0.47, -0.06, 0.68
470392, 0.59, 0.12, 0.54
470413, 0.54, 0.11, 0.58
470433, 0.48, 0.16, 0.52
470452, 0.49, 0.21, 0.77
470472, 0.45, 0.27, 0.93
470493, 0.48, 0.21, 0.76
470513, 0.54, 0.20, 1.06
470532, 0.15, 0.30, 1.21
470552, 0.42, 0.17, 1.10
470572, 0.39, 0.16, 1.16
470593, 0.29, 0.12, 1.19
470613, 0.40, 0.12, 1.10
470632, 0.29, 0.09, 1.10
470652, 0.19, 0.13, 1.15
470672, 0.19, 0.13, 1.10
470693, 0.14, 0.12, 0.97
470712, 0.20, -0.05, 0.82
470732, 0.13, 0.10, 0.97
470752, 0.13, 0.12, 0.43
470772, 0.18, -0.00, -0.72
470792, 0.05, -0.33, -1.88
470812, -0.24, -0.43, -0.07
470832, -0.15, -0.04, 3.04
470852, 0.44, -0.32, 3.85
470872, 0.05, -0.03, 2.63
470892, 0.03, 0.15, 1.47
470912, 0.14, 0.09, 0.85
470932, 0.28, 0.05, 0.96
470952, 0.09, 0.07, 1.12
470972, 0.02, 0.04, 1.15
470992, 0.13, 0.03, 0.91
471012, 0.06, 0.04, 0.83
471032, 0.01, 0.10, 0.84
471052, 0.03, 0.15, 0.82
471072, 0.10, 0.09, 0.61
471092, 0.25, 0.15, 0.95
471112, 0.15, 0.15, 0.78
471132, 0.08, 0.17, 0.82
471152, 0.16, 0.15, 1.00
471171, 0.35, 0.06, 0.70
471192, 0.24, 0.14, 0.90
471212, 0.13, 0.17, 0.65
471232, 0.08, 0.19, 0.06
471251, 0.09, 0.05, -0.53
471271, 0.01, -0.28, -0.21
471292, 0.37, -0.36, 1.85
471312, 0.72, 0.02, 3.58
471331, -0.20, 0.11, 2.75
471351, 0.02, 0.01, 1.61
471372, 0.25, -0.02, 0.79
471392, 0.36, 0.03, 0.48
471412, 0.23, 0.10, 0.70
471431, 0.12, 0.14, 0.92
471451, 0.27, 0.07, 0.96
471472, 0.44, 0.02, 0.86
471492, 0.30, 0.05, 0.81
471511, 0.22, 0.08, 0.79
471531, 0.27, 0.07, 0.78
471552, 0.25, 0.08, 0.86
471572, 0.24, 0.08, 0.90
471591, 0.21, 0.09, 0.88
471611, 0.17, 0.10, 0.90
471631, 0.15, 0.10, 0.87
471651, 0.20, 0.10, 0.84
471671, 0.16, 0.14, 0.59
471691, 0.18, 0.21, -0.27
471711, 0.07, -0.12, -1.58
471731, -0.01, -0.39, 0.02
471751, -0.02, -0.32, 2.59
471771, -0.07, -0.37, 3.34
471791, 0.01, -0.32, 2.77
471811, -0.26, -0.11, 1.66
471831, -0.05, -0.06, 0.90
471851, 0.15, -0.02, 0.97
471871, -0.04, 0.02, 1.04
471891, 0.11, -0.02, 1.04
471911, 0.23, -0.05, 0.96
471931, 0.22, -0.05, 0.87
471951, 0.17, -0.02, 0.78
471971, 0.12, -0.01, 0.76
471991, 0.08, 0.02, 0.77
472011, 0.11, 0.02, 0.78
472031, 0.13, 0.02, 0.80
472050, 0.06, 0.04, 0.79
472071, 0.06, 0.06, 0.84
472091, 0.07, 0.05, 0.80
472111, -0.04, 0.05, 0.46
472130, 0.09, 0.09, -0.16
472150, -0.04, -0.10, -0.74
472171, 0.08, -0.20, 0.03
472191, 0.05, -0.44, 1.73
472211, -0.12, -0.37, 2.91
472231, -0.30, -0.24, 2.67
472250, -0.15, -0.16, 1.95
472270, 0.04, -0.10, 1.19
472290, 0.14, -0.07, 1.06
472310, 0.09, -0.06, 1.21
472330, 0.14, -0.08, 1.25
472350, 0.14, -0.08, 1.13
472370, 0.13, -0.05, 0.93
472390, 0.07, -0.01, 0.76
472411, 0.10, 0.01, 0.66
472431, 0.20, 0.02, 0.67
472450, 0.02, 0.04, 0.60
472470, 0.01, 0.09, 0.60
472491, 0.03, 0.10, 0.61
472510, 0.03, 0.12, 0.44
472530, 0.10, 0.14, -0.03
472550, 0.14, 0.02, -0.49
472570, -0.11, -0.08, -0.00
472591, 0.06, -0.33, 1.06
472610, 0.04, -0.34, 2.07
472631, -0.03, -0.46, 2.49
472650, -0.15, -0.38, 2.70
472670, -0.19, -0.23, 2.17
472690, -0.04, -0.15, 1.41
472710, 0.14, -0.10, 1.03
472730, 0.09, -0.04, 0.89
472750, 0.10, -0.02, 0.84
472770, 0.13, -0.02, 0.81
472790, 0.14, -0.01, 0.77
472810, 0.12, -0.01, 0.70
472830, 0.11, 0.01, 0.68
472850, 0.02, 0.03, 0.68
472870, 0.04, 0.04, 0.69
472890, 0.02, 0.04, 0.69
472910, 0.02, 0.05, 0.69
472929, 0.04, 0.08, 0.40
472950, 0.14, 0.11, -0.19
472970, -0.00, 0.04, -0.47
472989, -0.23, -0.35, 0.56
473009, 0.61, -0.48, 2.33
473029, 0.01, -0.35, 2.79
473050, -0.26, -0.22, 2.40
473070, -0.07, -0.14, 1.53
473090, 0.06, -0.10, 0.93
473110, 0.07, -0.04, 0.89
473130, -0.00, -0.01, 1.00
473150, 0.04, -0.05, 0.97
473170, 0.11, -0.06, 0.89
473189, 0.08, -0.04, 0.82
473209, 0.04, -0.02, 0.81
473229, 0.02, -0.01, 0.80
473249, -0.00, -0.01, 0.79
473269, 0.01, -0.01, 0.86
473289, 0.02, 0.01, 0.84
473310, 0.04, 0.02, 0.80
473329, 0.07, 0.04, 0.71
473349, 0.11, 0.18, 0.27
473369, 0.16, 0.10, -0.49
473389, 0.08, -0.02, -0.34
473409, 0.01, -0.43, 0.85
473429, 0.02, -0.47, 2.61
473449, -0.50, -0.23, 3.12
473469, -0.48, -0.16, 2.25
473490, -0.08, -0.15, 1.16
473509, 0.15, -0.07, 0.83
473530, 0.03, 0.01, 0.91
473549, 0.03, 0.03, 0.93
473569, 0.16, -0.02, 0.91
473589, 0.25, -0.04, 0.91
473609, 0.14, -0.02, 0.86
473629, 0.09, -0.00, 0.79
473649, 0.13, 0.01, 0.82
473669, 0.05, 0.04, 0.87
473689, 0.06, 0.04, 0.90
473709, 0.06, 0.04, 0.84
473729, 0.05, 0.06, 0.82
473749, 0.06, 0.06, 0.79
473769, 0.09, 0.04, 0.74
473789, 0.11, 0.08, 0.62
473809, 0.21, 0.14, 0.18
473829, 0.26, 0.04, -0.57
473849, 0.22, -0.07, -0.22
473869, 0.01, -0.30, 1.17
473888, -0.04, -0.58, 3.02
473909, -0.41, -0.36, 3.63
473929, -0.59, -0.23, 2.32
473949, -0.32, -0.18, 0.95
473968, -0.06, -0.08, 0.59
473988, 0.06, 0.15, 0.71
474008, 0.02, -0.05, 0.98
474028, 0.18, -0.12, 1.00
474048, 0.22, -0.08, 0.87
474068, 0.19, -0.05, 0.81
474088, 0.12, 0.02, 0.75
474109, 0.15, 0.03, 0.86
474129, 0.16, 0.05, 0.78
474148, 0.18, 0.05, 0.74
474168, 0.22, 0.04, 0.77
474189, 0.13, 0.07, 0.76
474208, 0.10, 0.09, 0.72
474228, 0.07, 0.10, 0.54
474248, 0.08, 0.10, 0.10
474269, 0.16, 0.12, -0.16
474289, 0.08, -0.05, -0.32
474308, 0.03, -0.29, 0.47
474328, 0.12, -0.46, 1.97
474348, -0.21, -0.51, 2.80
474368, -0.27, -0.38, 2.90
474388, -0.25, -0.21, 2.03
474409, -0.01, -0.10, 1.28
474429, 0.12, -0.06, 0.89
474448, 0.05, 0.06, 0.85
474468, 0.10, 0.03, 0.88
474488, 0.16, -0.01, 0.80
474508, 0.14, -0.03, 0.81
474528, 0.14, -0.02, 0.74
474548, 0.12, -0.04, 0.67
474568, 0.10, 0.01, 0.67
474588, 0.04, 0.01, 0.72
474608, 0.03, -0.02, 0.86
474628, -0.19, -0.23, 0.95
474648, -0.01, -0.06, 0.80
474668, 0.07, 0.19, 0.64
474688, 0.08, 0.16, 0.11
474708, 0.48, 0.35, -0.75
474728, 0.17, 0.04, -0.60
474748, 0.11, -0.56, 1.40
474768, 0.11, -0.68, 2.83
474788, -0.33, -0.47, 2.96
474807, -0.27, -0.26, 2.31
474828, -0.10, -0.11, 1.32
474848, 0.10, -0.06, 0.96
474867, -0.02, -0.01, 1.04
474888, -0.05, -0.03, 1.08
474908, 0.06, -0.10, 1.02
474927, 0.06, -0.09, 0.94
474947, 0.08, -0.08, 0.85
474967, 0.03, -0.05, 0.80
474987, 0.01, -0.02, 0.77
475008, 0.03, 0.03, 0.69
475028, 0.03, -0.00, 0.74
475048, 0.05, 0.01, 0.76
475067, 0.04, 0.00, 0.74
475087, 0.03, 0.02, 0.74
475108, 0.01, 0.02, 0.74
475127, 0.05, 0.05, 0.61
475147, 0.06, 0.05, 0.28
475168, 0.17, 0.13, -0.29
475188, -0.04, 0.12, -0.30
475207, -0.01, -0.35, 0.62
475227, -0.18, -0.57, 2.25
475247, -0.55, -0.50, 2.87
475268, -0.42, -0.45, 2.63
475287, -0.39, -0.17, 1.83
475307, -0.15, -0.06, 1.11
475327, 0.06, -0.10, 0.99
475347, -0.08, -0.01, 0.93
475367, -0.02, -0.04, 0.92
475387, 0.06, -0.10, 0.83
475407, 0.01, -0.07, 0.79
475427, -0.03, -0.03, 0.74
475447, -0.03, -0.02, 0.74
475467, -0.05, -0.02, 0.75
475487, -0.02, -0.01, 0.80
475507, -0.04, -0.01, 0.74
475527, -0.00, -0.04, 0.73
475547, 0.04, -0.03, 0.81
475567, -0.00, 0.01, 0.84
475587, -0.06, 0.02, 0.61
475607, 0.11, 0.15, 0.10
475627, 0.19, 0.06, -0.34
475647, 0.24, -0.15, 0.05
475667, -0.03, -0.43, 1.46
475687, -0.37, -0.51, 2.96
475707, -0.62, -0.33, 3.06
475727, -0.41, -0.19, 2.16
475747, -0.22, -0.08, 1.10
475767, -0.04, 0.01, 0.77
475786, -0.01, -0.01, 0.80
475806, 0.03, -0.05, 0.82
475826, 0.09, -0.09, 0.78
475846, 0.05, -0.08, 0.72
475866, 0.05, -0.06, 0.74
475886, 0.05, -0.05, 0.80
475907, 0.02, -0.03, 0.78
475927, 0.02, -0.01, 0.79
475947, 0.01, -0.01, 0.83
475967, 0.03, -0.02, 0.86
475987, 0.02, -0.01, 0.90
476006, -0.04, 0.00, 0.83
476026, -0.04, 0.04, 0.55
476046, 0.11, 0.15, 0.03
476067, 0.21, 0.09, -0.45
476086, 0.12, -0.23, 0.09
476107, -0.15, -0.43, 1.97
476126, -0.70, -0.42, 3.03
476146, -0.27, -0.50, 2.66
476166, -0.25, -0.25, 1.76
476187, -0.13, -0.01, 0.98
476206, 0.07, -0.05, 0.95
476227, 0.06, -0.08, 0.95
476246, 0.10, -0.10, 0.91
476266, 0.14, -0.13, 0.88
476286, 0.14, -0.14, 0.81
476306, 0.08, -0.07, 0.71
476326, 0.08, -0.04, 0.65
476346, 0.08, -0.02, 0.62
476366, 0.07, -0.01, 0.67
476386, 0.03, 0.00, 0.68
476406, 0.02, 0.00, 0.78
476426, -0.03, 0.02, 0.70
476446, -0.04, 0.03, 0.44
476466, 0.16, 0.06, 0.24
476486, 0.06, 0.04, 0.05
476506, -0.21, -0.07, 0.67
476526, -0.52, -0.11, 1.93
476546, -0.50, -0.11, 2.62
476565, -1.04, -0.34, 2.81
476586, -0.50, -0.01, 1.59
476606, -0.00, 0.01, 0.94
476626, 0.13, -0.01, 0.83
476646, 0.17, -0.02, 0.73
476666, 0.23, -0.05, 0.66
476686, 0.14, -0.06, 0.72
476706, 0.04, -0.04, 0.68
476726, 0.02, -0.03, 0.62
476746, 0.02, -0.02, 0.62
476766, -0.03, -0.00, 0.70
476786, -0.10, 0.02, 0.78
476806, -0.10, 0.03, 0.82
476826, -0.07, 0.02, 0.85
476846, -0.08, 0.05, 0.82
476865, -0.06, 0.09, 0.55
476885, 0.08, 0.21, 0.14
476905, 0.17, 0.16, -0.41
476925, 0.17, -0.15, 0.18
476945, 0.19, -0.41, 1.78
476965, -0.04, -0.56, 2.51
476986, -0.29, -0.37, 2.47
477005, -0.25, -0.22, 2.09
477025, -0.20, -0.10, 1.49
477045, -0.11, -0.05, 1.14
477065, -0.04, -0.02, 1.11
477085, -0.09, -0.01, 1.05
477106, 0.01, -0.03, 1.01
477125, 0.07, -0.07, 0.83
477145, 0.12, -0.08, 0.73
477165, 0.11, -0.04, 0.66
477185, 0.05, 0.03, 0.60
477205, 0.04, 0.05, 0.58
477225, 0.06, 0.06, 0.58
477245, 0.06, 0.03, 0.56
477265, 0.11, 0.03, 0.44
477285, -0.06, -0.72, 0.28
477305, 0.15, -0.05, -0.06
477325, 0.04, -0.54, 0.51
477345, 0.25, -0.43, 1.66
477365, 0.16, -0.56, 2.34
477385, -0.11, -0.36, 2.47
477405, -0.24, -0.19, 1.94
477425, -0.13, -0.06, 1.25
477445, 0.07, -0.04, 0.90
477465, 0.09, -0.05, 0.85
477485, 0.01, -0.01, 0.82
477505, 0.07, -0.04, 0.85
477525, 0.06, -0.04, 0.81
477545, 0.11, -0.07, 0.79
477565, -0.01, 0.16, 0.72
477585, 0.03, 0.05, 0.65
477604, 0.06, 0.08, 0.63
477625, 0.09, 0.06, 0.61
477645, 0.13, 0.07, 0.51
477665, 0.12, 0.06, 0.19
477684, 0.12, 0.08, -0.06
477704, -0.07, -0.26, 0.68
477724, -0.05, -0.49, 2.02
477745, -0.45, -0.34, 2.54
477765, -0.56, -0.23, 2.24
477784, -0.37, -0.13, 1.69
477804, -0.14, -0.04, 1.05
477824, -0.01, -0.04, 0.85
477844, 0.03, -0.02, 0.91
477864, 0.07, -0.02, 0.91
477884, 0.13, -0.04, 0.86
477904, 0.17, -0.07, 0.85
477924, 0.15, -0.06, 0.84
477944, 0.09, -0.00, 0.84
477964, 0.05, 0.03, 0.85
477985, 0.01, 0.07, 0.86
478004, -0.01, 0.07, 0.83
478024, -0.06, 0.03, 0.69
478044, 0.04, -0.03, 0.07
478064, 0.10, 0.20, -0.63
478084, -0.43, 0.46, -0.93
478104, -0.92, -0.09, 0.43
478124, 0.50, -1.01, 2.48
478144, -0.01, -0.80, 2.92
478164, -0.17, -0.43, 2.78
478184, -0.05, -0.24, 1.97
478204, 0.15, -0.15, 1.09
478224, 0.18, -0.10, 1.08
478244, -0.07, -0.05, 1.12
478264, -0.16, 0.02, 1.06
478284, -0.14, -0.00, 0.90
478304, -0.04, -0.02, 0.86
478324, -0.02, -0.03, 0.76
478344, -0.04, -0.01, 0.74
478364, -0.03, 0.03, 0.71
478384, 0.01, -0.09, 0.64
478404, 0.01, 0.01, 0.64
478424, 0.02, 0.02, 0.59
478443, 0.03, 0.07, 0.39
478464, 0.08, 0.11, 0.04
478484, 0.14, -0.07, 0.01
478504, 0.08, -0.19, 0.48
478524, -0.01, -0.39, 1.56
478544, -0.16, -0.45, 2.24
478563, -0.15, -0.51, 2.49
478583, -0.15, -0.34, 2.12
478604, -0.08, -0.10, 1.30
478624, 0.04, -0.10, 0.94
478644, 0.14, -0.08, 0.85
478664, 0.09, -0.03, 0.72
478684, 0.11, -0.04, 0.71
478704, 0.15, -0.08, 0.67
478723, 0.09, -0.04, 0.70
478743, 0.05, -0.03, 0.69
478763, 0.04, -0.00, 0.70
478783, 0.03, -0.00, 0.70
478803, 0.04, 0.02, 0.64
478824, 0.10, 0.02, 0.28
478843, 0.21, 0.09, -0.22
478863, 0.04, 0.08, -0.54
478883, -0.04, -0.26, 0.73
478904, 0.10, -0.58, 2.23
478924, 0.01, -0.66, 2.64
478944, -0.23, -0.43, 2.44
478963, -0.20, -0.23, 1.73
478983, 0.02, -0.09, 1.12
479003, 0.06, -0.11, 1.08
479023, -0.00, -0.07, 1.07
479043, 0.03, -0.13, 1.05
479063, 0.07, -0.13, 0.95
479083, 0.06, -0.09, 0.82
479103, 0.03, -0.06, 0.78
479123, 0.03, -0.06, 0.76
479143, 0.04, -0.05, 0.71
479163, 0.07, -0.04, 0.72
479183, 0.02, -0.04, 0.63
479203, 0.00, -0.01, 0.53
479223, 0.07, 0.02, 0.28
479243, 0.10, 0.03, -0.05
479263, 0.00, -0.01, 0.03
479283, -0.07, -0.18, 0.53
479303, -0.04, -0.29, 1.68
479323, -0.19, -0.56, 2.52
479342, -0.44, -0.40, 2.83
479363, -0.41, -0.16, 2.16
479383, -0.03, -0.09, 1.30
479403, 0.25, -0.13, 0.95
479423, 0.25, -0.05, 0.73
479443, 0.18, -0.04, 0.67
479463, 0.13, -0.05, 0.63
479483, 0.03, -0.03, 0.67
479503, -0.02, -0.04, 0.69
479523, -0.00, -0.04, 0.67
479543, -0.05, -0.01, 0.74
479562, -0.03, 0.01, 0.74
479583, 0.03, -0.02, 0.77
479603, 0.11, -0.01, 0.61
479623, 0.21, 0.04, 0.13
479643, 0.24, 0.13, -0.46
479662, 0.04, -0.02, -0.43
479683, 0.13, -0.62, 1.47
479703, -0.15, -0.60, 3.01
479723, -0.57, -0.33, 2.97
479742, -0.30, -0.20, 1.98
479762, -0.09, -0.04, 1.04
479782, 0.08, -0.03, 0.81
479802, -0.02, -0.02, 0.97
479822, 0.01, -0.10, 1.08
479842, 0.10, -0.14, 1.03
479862, 0.06, -0.08, 0.92
479882, 0.04, -0.04, 0.82
479902, 0.04, -0.03, 0.79
479922, 0.05, -0.01, 0.74
479942, 0.06, -0.03, 0.76
479962, 0.03, 0.00, 0.79
479982, -0.01, -0.01, 0.79
480002, -0.04, -0.00, 0.67
480022, -0.04, 0.06, 0.29
480042, 0.05, 0.19, -0.92
480062, 0.31, 0.05, -0.65
480082, -0.04, -0.50, 0.77
480102, -0.08, -0.82, 2.84
480122, -0.27, -0.66, 3.41
480142, -0.38, -0.37, 2.41
480162, -0.05, -0.09, 1.39
480182, 0.05, -0.08, 0.95
480202, -0.02, -0.03, 1.11
480222, -0.03, -0.10, 1.17
480241, -0.04, -0.09, 1.00
480261, 0.01, -0.06, 0.90
480281, 0.02, -0.05, 0.76
480301, 0.02, -0.02, 0.74
480322, -0.00, -0.03, 0.68
480342, 0.11, -0.04, 0.73
480362, 0.07, -0.07, 0.77
480382, 0.07, -0.06, 0.83
480402, 0.05, -0.03, 0.86
480422, -0.05, 0.02, 0.48
480441, 0.05, 0.09, 0.03
480461, 0.09, 0.24, -0.39
480481, 0.04, -0.13, -0.50
480501, 0.33, -0.57, 1.26
480521, -0.18, -0.54, 2.57
480542, -0.31, -0.49, 3.16
480562, -0.48, -0.20, 2.28
480581, -0.01, -0.08, 1.20
480601, 0.08, -0.04, 0.84
480621, 0.06, -0.01, 0.92
480641, 0.08, -0.03, 1.01
480662, 0.11, -0.06, 0.95
480682, 0.07, -0.05, 0.87
480702, 0.06, -0.03, 0.81
480721, 0.01, 0.03, 0.72
480741, 0.00, 0.05, 0.74
480761, 0.03, 0.04, 0.71
480781, 0.05, 0.04, 0.58
480801, 0.06, 0.08, 0.42
480821, 0.08, 0.18, 0.05
480841, 0.06, 0.14, -0.32
480861, 0.04, -0.10, -0.03
480881, 0.20, -0.35, 1.45
480901, 0.07, -0.39, 2.70
480921, -0.03, -0.32, 2.94
480941, -0.03, -0.21, 2.14
480961, 0.13, -0.06, 1.18
480981, 0.18, -0.04, 0.83
481001, 0.06, 0.05, 0.81
481021, 0.07, 0.04, 0.87
481041, 0.01, 0.03, 0.85
481061, -0.00, 0.07, 0.79
481081, 0.02, 0.05, 0.70
481101, 0.09, 0.03, 0.74
481121, 0.09, 0.04, 0.72
481141, 0.09, 0.03, 0.72
481161, 0.08, 0.04, 0.63
481181, 0.05, 0.08, 0.38
481200, 0.03, 0.07, 0.11
481221, 0.09, -0.02, 0.17
481241, 0.12, -0.19, 0.79
481261, -0.08, -0.23, 1.68
481281, -0.08, -0.20, 2.35
481300, -0.18, -0.12, 2.32
481320, -0.14, -0.01, 1.81
481341, 0.05, 0.03, 1.30
481360, 0.04, 0.06, 0.94
481381, 0.06, 0.08, 0.83
481401, 0.06, 0.06, 0.83
481420, 0.06, 0.06, 0.79
481440, 0.06, 0.06, 0.73
481461, 0.11, 0.04, 0.74
481480, 0.10, 0.04, 0.73
481500, 0.08, 0.07, 0.77
481521, 0.06, 0.04, 0.81
481541, 0.07, 0.05, 0.86
481560, 0.05, 0.05, 0.85
481580, 0.08, 0.06, 0.76
481601, 0.08, 0.10, 0.20
481620, 0.07, 0.06, -0.38
481640, -0.02, -0.06, -0.47
481661, 0.20, -0.40, 1.03
481681, -0.22, -0.40, 2.65
481700, -0.55, -0.07, 3.40
481720, -0.53, 0.06, 2.34
481740, 0.07, 0.03, 1.19
481760, 0.21, 0.05, 0.83
481780, 0.13, 0.09, 0.89
481800, 0.16, 0.04, 0.98
481820, 0.14, 0.03, 0.94
481840, 0.07, 0.04, 0.89
481860, 0.03, 0.06, 0.79
481880, 0.05, 0.05, 0.75
481900, 0.02, 0.05, 0.70
481920, 0.10, 0.02, 0.76
481940, 0.08, 0.03, 0.75
481960, 0.06, 0.05, 0.75
481979, 0.05, 0.05, 0.69
482000, 0.06, 0.10, 0.38
482020, 0.07, 0.12, -0.13
482040, 0.16, 0.05, -0.34
482060, 0.08, -0.17, 0.07
482080, -0.19, -0.32, 1.82
482100, -0.46, -0.25, 3.38
482119, -0.45, -0.09, 3.18
482140, -0.31, 0.03, 1.75
482160, 0.12, 0.04, 0.98
482179, 0.07, 0.12, 0.87
482200, 0.09, 0.11, 0.84
482220, 0.15, 0.07, 0.83
482239, 0.10, 0.08, 0.80
482259, 0.14, 0.07, 0.75
482280, 0.04, 0.08, 0.72
482299, -0.01, 0.10, 0.75
482319, 0.04, 0.08, 0.74
482339, 0.05, 0.07, 0.75
482360, 0.03, 0.09, 0.74
482379, -0.01, 0.10, 0.68
482399, -0.00, 0.15, 0.29
482419, 0.11, 0.16, -0.44
482439, 0.22, -0.02, -0.69
482459, -0.05, -0.23, 0.44
482480, -0.19, -0.33, 2.72
482499, -0.37, -0.13, 3.79
482519, -0.38, 0.04, 2.67
482539, -0.04, 0.11, 1.20
482559, 0.20, 0.10, 0.69
482580, 0.06, 0.12, 0.87
482599, 0.04, 0.06, 1.02
482619, 0.04, -0.00, 1.02
482639, 0.02, -0.01, 0.89
482659, 0.01, 0.01, 0.80
482679, 0.00, 0.03, 0.78
482699, 0.01, 0.04, 0.76
482719, 0.04, 0.04, 0.74
482739, 0.08, 0.03, 0.75
482759, 0.04, 0.06, 0.75
482779, 0.00, 0.08, 0.77
482799, -0.01, 0.10, 0.70
482818, 0.05, 0.15, 0.27
482839, 0.08, 0.17, -0.27
482859, 0.14, 0.02, -0.19
482879, 0.11, -0.22, 0.61
482899, 0.02, -0.28, 2.17
482919, -0.27, -0.17, 2.88
482938, -0.31, -0.09, 2.56
482959, -0.22, 0.04, 1.82
482979, -0.06, 0.05, 1.05
482998, 0.02, 0.04, 1.08
483019, -0.03, 0.06, 1.08
483039, 0.03, 0.02, 0.99
483059, 0.08, 0.02, 0.79
483078, 0.14, 0.01, 0.74
483099, 0.13, 0.01, 0.67
483119, 0.18, 0.04, 0.67
483139, 0.18, 0.04, 0.61
483158, 0.15, 0.05, 0.62
483179, 0.13, 0.05, 0.52
483199, 0.11, 0.08, 0.17
483219, 0.13, 0.13, -0.25
483239, 0.03, 0.10, -0.40
483258, 0.10, -0.25, 0.70
483278, 0.06, -0.39, 2.20
483298, -0.30, -0.26, 2.93
483319, -0.30, -0.16, 2.66
483338, -0.32, 0.02, 1.59
483358, -0.12, 0.04, 1.08
483379, -0.05, 0.07, 0.97
483399, -0.04, 0.08, 0.90
483418, 0.07, 0.02, 0.85
483438, 0.09, 0.01, 0.86
483458, 0.09, 0.01, 0.83
483479, 0.13, 0.01, 0.77
483498, 0.10, 0.02, 0.77
483518, 0.10, 0.02, 0.75
483538, 0.10, 0.03, 0.73
483558, 0.09, 0.07, 0.72
483578, 0.05, 0.13, 0.54
483598, -0.05, 0.07, 0.05
483618, 0.07, 0.04, -0.01
483638, -0.08, -0.03, 0.08
483658, -0.04, -0.20, 0.82
483678, 0.13, -0.37, 1.85
483698, -0.10, -0.28, 2.47
483718, -0.14, -0.19, 2.65
483738, -0.13, -0.07, 2.00
483758, -0.04, -0.03, 1.22
483778, 0.09, 0.00, 0.88
483798, 0.15, 0.02, 0.88
483818, 0.06, 0.02, 0.82
483838, 0.05, 0.01, 0.78
483857, 0.04, -0.01, 0.76
483878, 0.05, 0.01, 0.77
483898, 0.03, 0.00, 0.78
483918, 0.01, 0.04, 0.75
483937, -0.03, 0.03, 0.72
483957, 0.06, 0.08, 0.67
483978, 0.04, 0.15, 0.31
483998, -0.03, 0.05, -0.53
484018, 0.02, -0.07, -0.71
484038, 0.13, -0.48, 0.55
484058, 0.38, -0.55, 2.53
484078, 0.02, -0.34, 3.02
484097, -0.30, -0.06, 2.70
484117, -0.09, -0.01, 1.80
484137, 0.14, -0.01, 1.02
484157, 0.31, -0.06, 0.90
484177, 0.26, -0.02, 1.03
484198, 0.13, 0.03, 1.01
484217, 0.10, 0.02, 0.90
484237, 0.10, 0.06, 0.81
484257, 0.11, 0.02, 0.74
484278, 0.05, 0.05, 0.68
484297, -0.02, 0.08, 0.66
484317, 0.02, 0.14, 0.66
484337, -0.07, 0.02, 0.80
484357, 0.09, 0.06, 0.80
484377, -0.02, 0.07, 0.67
484397, 0.06, 0.10, 0.44
484417, 0.08, 0.16, -0.32
484437, 0.26, -0.06, -0.49
484457, 0.03, -0.25, 0.19
484477, 0.07, -0.32, 1.85
484497, -0.15, -0.24, 2.85
484517, -0.40, -0.14, 2.80
484537, -0.30, -0.03, 2.10
484557, -0.15, 0.03, 1.27
484577, 0.01, 0.04, 0.96
484597, 0.02, 0.05, 0.97
484617, 0.02, 0.05, 1.02
484637, 0.01, 0.04, 0.96
484657, 0.05, 0.02, 0.87
484677, 0.05, 0.06, 0.77
484697, 0.02, 0.07, 0.70
484717, 0.02, 0.09, 0.68
484737, -0.04, 0.10, 0.66
484756, -0.03, 0.09, 0.61
484776, 0.02, 0.11, 0.56
484797, -0.02, 0.09, 0.35
484817, -0.01, 0.10, -0.06
484836, -0.14, 0.06, -0.39
484856, 0.11, -0.11, 0.18
484876, 0.54, -0.46, 1.46
484896, 0.00, -0.20, 2.27
484916, -0.25, -0.14, 3.06
484937, -0.05, -0.11, 2.63
484957, -0.04, 0.02, 1.48
484977, 0.19, -0.02, 0.93
484996, 0.21, 0.08, 0.93
485016, 0.12, 0.10, 0.87
485037, 0.12, 0.07, 0.86
485057, 0.16, 0.02, 0.82
485076, 0.19, 0.02, 0.78
485096, 0.07, 0.04, 0.74
485116, 0.01, 0.09, 0.80
485137, -0.01, 0.10, 0.77
485156, 0.02, 0.09, 0.75
485176, 0.06, 0.09, 0.72
485196, 0.08, 0.13, 0.36
485217, 0.00, 0.16, -0.37
485237, -0.01, 0.10, -0.33
485256, 0.18, -0.18, 0.26
485276, 0.62, -0.69, 1.85
485296, -0.25, -0.29, 2.96
485316, -0.49, 0.00, 2.63
485336, -0.13, -0.01, 1.71
485356, 0.01, 0.01, 1.02
485376, 0.01, 0.10, 0.91
485396, 0.07, 0.08, 0.88
485416, 0.15, 0.05, 0.87
485436, 0.15, 0.05, 0.81
485456, 0.18, 0.02, 0.73
485476, 0.17, 0.02, 0.73
485496, 0.10, 0.07, 0.76
485516, 0.01, 0.09, 0.80
485536, -0.02, 0.11, 0.73
485556, 0.00, 0.12, 0.58
485576, 0.05, 0.11, -0.15
485596, 0.17, 0.06, -0.62
485616, 0.02, 0.00, -0.38
485636, 0.32, -0.45, 1.27
485656, 0.16, -0.47, 2.85
485676, -0.34, -0.24, 3.15
485696, -0.31, -0.06, 2.60
485716, -0.18, 0.01, 1.56
485736, 0.07, 0.00, 1.01
485755, 0.03, 0.09, 0.86
485776, -0.02, 0.13, 0.93
485796, 0.18, 0.06, 0.91
485816, 0.29, 0.00, 0.83
485835, 0.26, 0.03, 0.69
485855, 0.17, 0.08, 0.67
485876, 0.08, 0.12, 0.60
485896, 0.08, 0.11, 0.58
485915, 0.12, 0.08, 0.58
485935, 0.06, 0.09, 0.51
485956, 0.02, 0.13, 0.30
485975, 0.09, 0.23, -0.33
485995, -0.02, 0.17, -0.77
486016, 0.06, -0.10, -0.14
486036, 0.13, -0.30, 1.56
486056, 0.46, -0.72, 3.46
486076, -0.01, -0.45, 3.64
486095, -0.23, -0.02, 2.56
486115, -0.02, 0.02, 1.10
486135, 0.20, 0.03, 0.55
486156, 0.15, 0.08, 0.67
486175, 0.18, 0.03, 0.74
486195, 0.28, 0.01, 0.75
486215, 0.30, -0.06, 0.80
486235, 0.22, -0.03, 0.82
486255, 0.11, 0.02, 0.93
486275, 0.06, 0.05, 0.95
486295, 0.07, 0.07, 0.94
486315, 0.06, 0.09, 0.93
486335, 0.06, 0.12, 0.76
486355, 0.09, 0.11, 0.39
486375, 0.15, 0.10, 0.17
486395, 0.07, 0.19, -0.11
486415, 0.04, 0.09, -0.13
486435, 0.30, -0.21, 0.54
486455, 0.36, -0.42, 1.59
486475, 0.11, -0.40, 2.53
486495, -0.27, -0.30, 2.82
486515, -0.36, -0.01, 2.46
486535, -0.21, 0.05, 1.72
486555, -0.05, 0.02, 0.96
486575, 0.09, 0.06, 0.72
486594, 0.15, 0.07, 0.70
486615, 0.19, 0.03, 0.77
486635, 0.21, 0.03, 0.77
486655, 0.18, 0.05, 0.72
486674, 0.14, 0.05, 0.71
486695, 0.10, 0.08, 0.63
486715, 0.06, 0.14, 0.50
486734, 0.03, 0.21, 0.24
486754, 0.10, 0.18, 0.01
486775, 0.18, 0.12, -0.30
486795, 0.18, 0.06, -0.16
486815, 0.21, -0.12, 0.51
486835, 0.24, -0.34, 1.90
486855, 0.23, -0.40, 2.92
486875, -0.20, -0.26, 2.92
486894, -0.51, 0.10, 2.28
486914, -0.23, 0.12, 1.35
486934, 0.00, 0.10, 0.71
486955, 0.01, 0.16, 0.50
486974, 0.10, 0.13, 0.58
486994, 0.12, 0.09, 0.72
487014, 0.17, 0.04, 0.78
487035, 0.18, 0.01, 0.77
487054, 0.12, 0.06, 0.76
487074, 0.04, 0.12, 0.72
487094, 0.06, 0.10, 0.71
487114, 0.11, 0.18, 0.48
487134, 0.06, 0.37, -0.00
487154, -0.03, 0.14, -0.58
487174, 0.18, -0.17, 0.07
487194, 0.29, -0.42, 1.45
487214, 0.01, -0.25, 2.49
487234, -0.14, -0.10, 2.84
487254, -0.22, 0.00, 2.36
487274, -0.04, 0.05, 1.58
487294, 0.11, 0.04, 1.11
487314, 0.12, 0.06, 0.98
487334, 0.11, 0.14, 0.95
487354, 0.07, 0.14, 0.95
487374, 0.13, 0.09, 0.95
487394, 0.09, 0.10, 0.84
487414, 0.10, 0.12, 0.71
487434, 0.12, 0.16, 0.58
487454, 0.06, 0.16, 0.51
487474, 0.11, 0.17, 0.44
487494, 0.06, 0.31, 0.24
487514, -1.08, -0.02, 0.12
487534, 0.29, 0.23, -0.43
487554, 0.01, -0.07, -0.16
487574, 0.09, -0.37, 1.42
487594, -0.00, -0.31, 3.02
487614, -0.50, 0.09, 3.19
487634, -0.28, 0.09, 2.49
487654, -0.02, 0.07, 1.45
487673, 0.21, 0.10, 0.89
487693, 0.09, 0.19, 0.84
487714, 0.05, 0.18, 0.83
487734, 0.09, 0.13, 0.87
487753, 0.10, 0.11, 0.80
487773, 0.12, 0.07, 0.74
487793, 0.12, 0.08, 0.67
487814, 0.09, 0.12, 0.63
487833, 0.10, 0.13, 0.63
487853, 0.13, 0.18, 0.60
487873, 0.12, 0.14, 0.54
487894, 0.06, 0.09, 0.30
487913, 0.01, 0.14, -0.09
487933, 0.03, 0.09, -0.34
487953, -0.04, -0.13, -0.09
487973, 0.10, -0.36, 1.61
487993, 0.09, -0.63, 3.08
488013, -0.24, -0.10, 3.12
488034, -0.25, 0.09, 2.26
488053, 0.02, 0.09, 1.18
488073, 0.24, 0.06, 0.81
488093, 0.10, 0.13, 0.89
488113, 0.14, 0.09, 0.99
488133, 0.14, 0.07, 0.94
488153, 0.15, 0.05, 0.83
488173, 0.16, 0.04, 0.70
488193, 0.11, 0.06, 0.63
488213, 0.06, 0.10, 0.65
488233, -0.01, 0.13, 0.67
488253, 0.05, 0.10, 0.71
488273, 0.07, 0.08, 0.64
488292, 0.04, 0.11, 0.62
488313, 0.00, 0.12, 0.52
488333, 0.04, 0.17, 0.18
488353, 0.01, 0.24, -0.33
488373, 0.15, 0.02, -0.28
488393, 0.06, -0.27, 0.84
488413, 0.03, -0.43, 3.09
488433, 0.02, -0.33, 3.36
488453, -0.12, -0.15, 2.40
488473, -0.00, 0.03, 1.29
488493, 0.12, 0.04, 0.78
488512, 0.04, 0.05, 0.94
488532, -0.07, 0.04, 1.12
488552, 0.05, -0.01, 1.06
488573, 0.06, 0.00, 0.91
488593, 0.03, 0.07, 0.79
488612, 0.06, 0.08, 0.67
488632, 0.07, 0.10, 0.62
488653, 0.06, 0.10, 0.57
488673, 0.10, 0.11, 0.56
488692, 0.15, 0.09, 0.47
488712, 0.11, 0.09, 0.39
488733, 0.12, 0.10, 0.27
488752, 0.13, 0.10, 0.18
488772, 0.12, 0.04, 0.17
488792, 0.14, -0.20, 0.82
488812, 0.00, -0.27, 1.86
488832, -0.04, -0.37, 2.61
488852, -0.16, -0.26, 2.51
488872, -0.22, -0.07, 1.94
488893, -0.07, 0.01, 1.24
488912, 0.07, 0.01, 0.86
488932, 0.03, 0.08, 0.77
488952, 0.07, 0.07, 0.73
488972, 0.13, 0.03, 0.71
488992, 0.16, 0.01, 0.71
489012, 0.14, 0.00, 0.73
489032, 0.15, 0.02, 0.69
489052, 0.09, 0.07, 0.70
489072, 0.08, 0.11, 0.66
489092, 0.05, 0.16, 0.29
489112, 0.14, 0.13, -0.07
489132, 0.12, 0.11, -0.06
489152, 0.07, -0.14, 0.46
489172, 0.24, -0.40, 1.75
489192, 0.03, -0.36, 2.53
489211, -0.14, -0.25, 2.39
489232, -0.11, -0.08, 1.83
489252, -0.05, 0.01, 1.25
489272, 0.04, 0.01, 1.04
489292, 0.01, 0.02, 0.98
489312, 0.02, 0.03, 1.02
489332, 0.07, 0.03, 0.94
489351, 0.07, 0.05, 0.86
489372, 0.10, 0.03, 0.76
489392, 0.12, 0.04, 0.72
489411, 0.10, 0.06, 0.65
489431, 0.08, 0.10, 0.61
489452, 0.08, 0.09, 0.49
489471, 0.11, 0.09, 0.19
489491, 0.13, 0.17, -0.63
489511, 0.17, 0.10, -0.52
489531, 0.23, -0.44, 1.05
489551, -0.03, -0.53, 2.49
489571, -0.02, -0.48, 3.42
489592, -0.27, -0.27, 2.39
489611, 0.05, -0.04, 1.47
489632, 0.12, 0.04, 0.80
489651, 0.14, 0.07, 0.85
489671, 0.08, 0.06, 0.92
489691, 0.12, 0.01, 0.95
489711, 0.16, -0.02, 0.86
489731, 0.21, -0.07, 0.81
489752, 0.17, -0.03, 0.77
489771, 0.10, 0.04, 0.71
489791, 0.09, 0.04, 0.71
489811, 0.09, 0.04, 0.71
489831, 0.12, 0.01, 0.71
489851, 0.12, 0.03, 0.63
489871, 0.08, 0.07, 0.28
489891, 0.15, 0.21, -0.73
489911, 0.19, 0.12, -0.55
489931, -0.03, -0.24, 0.56
489951, -0.02, -0.69, 2.47
489971, -0.30, -0.67, 3.63
489991, -0.75, -0.40, 2.74
490011, -0.20, -0.09, 1.43
490031, 0.05, -0.05, 0.71
490051, 0.01, 0.04, 0.90
490071, -0.02, 0.06, 1.02
490090, 0.09, -0.06, 1.04
490111, 0.07, -0.04, 0.86
490131, 0.16, -0.01, 0.90
490151, 0.12, 0.02, 0.75
490171, 0.11, 0.06, 0.82
490190, -0.04, 0.05, 0.52
490210, 0.22, 0.01, 0.70
490231, 0.08, 0.06, 0.64
490251, 0.08, 0.09, 0.68
490270, 0.05, 0.08, 0.66
490290, 0.08, 0.10, 0.31
490311, 0.21, 0.21, -0.36
490331, 0.11, 0.14, -0.86
490351, 0.05, -0.33, 0.40
490371, -0.06, -0.61, 2.45
490390, -0.30, -0.61, 3.49
490410, -0.52, -0.32, 2.88
490431, -0.33, -0.10, 1.66
490451, 0.08, -0.05, 0.84
490471, 0.01, 0.11, 0.81
490490, -0.04, 0.10, 0.92
490510, 0.07, 0.02, 1.02
490530, 0.15, -0.04, 0.99
490550, 0.15, -0.02, 0.91
490570, 0.14, 0.01, 0.79
490591, 0.14, 0.03, 0.81
490610, 0.09, 0.04, 0.78
490630, 0.05, 0.10, 0.76
490650, -0.00, 0.13, 0.57
490671, -0.10, 0.11, -0.07
490690, 0.18, 0.10, -0.31
490710, 0.10, 0.08, -0.53
490730, 0.09, -0.25, 0.19
490750, -0.10, -0.35, 1.86
490770, -0.54, -0.18, 2.92
490790, -0.54, -0.14, 2.85
490810, -0.40, -0.02, 2.00
490830, -0.02, 0.04, 1.19
490850, 0.10, 0.05, 1.00
490870, 0.06, 0.10, 0.92
490890, 0.14, 0.04, 0.96
490910, 0.13, 0.03, 0.96
490930, 0.15, 0.02, 0.91
490950, 0.15, 0.02, 0.82
490970, 0.13, 0.02, 0.83
490990, 0.05, 0.07, 0.84
491010, 0.04, 0.09, 0.79
491030, 0.03, 0.10, 0.75
491050, 0.05, 0.09, 0.69
491070, 0.04, 0.14, 0.44
491090, 0.11, 0.22, -0.11
491110, 0.10, 0.18, -0.70
491130, 0.06, -0.02, -0.29
491150, 0.02, -0.34, 1.29
491170, -0.17, -0.43, 2.95
491190, -0.48, -0.10, 3.14
491209, -0.34, 0.05, 2.15
491229, -0.03, 0.12, 1.00
491250, 0.20, 0.07, 0.74
491270, 0.07, 0.12, 0.92
491289, 0.02, 0.07, 1.06
491309, 0.07, 0.03, 1.09
491330, 0.11, 0.03, 0.93
491350, 0.12, 0.04, 0.82
491369, 0.11, 0.09, 0.67
491389, 0.10, 0.09, 0.64
491410, 0.16, 0.06, 0.62
491429, 0.16, 0.06, 0.59
491449, 0.15, 0.08, 0.56
491469, 0.20, 0.10, 0.39
491490, 0.12, 0.08, 0.27
491509, 0.15, 0.13, 0.10
491529, -0.03, 0.14, 0.05
491549, 0.14, -0.16, 1.06
491569, 0.24, -0.55, 1.85
491589, -0.40, -0.30, 2.67
491609, -0.75, 0.02, 2.88
491629, -0.40, -0.02, 1.99
491649, -0.13, 0.02, 1.25
491669, -0.05, 0.11, 0.90
491689, 0.04, 0.10, 0.79
491709, 0.09, 0.07, 0.68
491729, 0.21, 0.00, 0.66
491749, 0.27, 0.00, 0.67
491769, 0.18, 0.02, 0.62
491789, 0.12, 0.05, 0.67
491809, 0.03, 0.09, 0.63
491829, 0.04, 0.08, 0.66
491849, 0.01, 0.09, 0.65
491869, 0.02, 0.14, 0.56
491889, -0.03, 0.19, 0.18
491909, 0.12, 0.16, -0.04
491929, 0.29, 0.02, -0.10
491949, 0.32, -0.32, 0.83
491969, -0.23, -0.29, 2.19
491989, -0.48, -0.37, 3.17
492008, -0.60, -0.12, 2.72
492028, -0.34, 0.03, 1.60
492048, -0.00, 0.04, 0.85
492068, 0.04, 0.08, 0.80
492089, 0.03, 0.07, 0.77
492109, 0.09, 0.02, 0.77
492128, 0.13, 0.00, 0.72
492149, 0.16, 0.01, 0.70
492169, 0.18, -0.01, 0.73
492189, 0.09, 0.04, 0.73
492208, 0.06, 0.06, 0.78
492228, 0.04, 0.07, 0.77
492249, 0.01, 0.08, 0.76
492268, -0.04, 0.08, 0.77
492288, -0.06, 0.12, 0.61
492308, 0.03, 0.19, 0.09
492328, 0.20, 0.14, -0.22
492348, 0.15, 0.01, 0.00
492368, 0.24, -0.40, 1.45
492388, 0.01, -0.48, 2.63
492408, -0.31, -0.29, 2.94
492428, -0.30, -0.07, 2.18
492448, -0.06, 0.03, 1.22
492468, 0.06, 0.04, 0.88
492488, -0.01, 0.08, 0.87
492508, -0.00, 0.08, 0.88
492528, 0.05, 0.03, 0.85
492548, 0.11, -0.01, 0.83
492568, 0.16, -0.04, 0.80
492588, 0.13, 0.01, 0.78
492608, 0.10, 0.05, 0.79
492628, 0.07, 0.06, 0.79
492648, 0.06, 0.07, 0.80
492668, 0.06, 0.09, 0.74
492688, 0.09, 0.08, 0.76
492708, 0.03, 0.09, 0.73
492728, -0.03, 0.13, 0.57
492748, 0.05, 0.16, 0.19
492768, 0.01, 0.14, -0.19
492788, -0.15, -0.06, -0.06
492808, 0.12, -0.34, 1.22
492828, -0.01, -0.55, 2.72
492848, -0.23, -0.45, 2.80
492867, -0.29, -0.19, 2.21
492888, -0.06, -0.10, 1.48
492908, 0.03, -0.04, 0.93
492928, 0.07, 0.02, 0.92
492947, 0.03, 0.02, 0.90
492968, 0.03, -0.01, 0.91
492988, 0.03, -0.02, 0.85
493008, 0.07, -0.01, 0.76
493028, 0.07, 0.03, 0.70
493047, 0.03, 0.05, 0.66
493068, 0.01, 0.07, 0.68
493088, 0.02, 0.07, 0.74
493107, 0.04, 0.06, 0.79
493127, 0.02, 0.07, 0.77
493148, 0.07, 0.22, 0.24
493168, -0.03, 0.23, -0.72
493188, 0.07, -0.01, -0.66
493208, 0.20, -0.60, 1.70
493228, -0.63, -0.21, 3.50
493247, -0.84, -0.06, 3.03
493267, -0.20, -0.08, 1.59
493287, 0.22, 0.04, 0.39
493307, 0.24, 0.04, 0.63
493328, -0.01, 0.06, 0.87
493347, 0.01, -0.00, 1.06
493367, 0.10, -0.07, 1.11
493387, 0.10, -0.01, 1.00
493407, 0.06, 0.02, 0.93
493427, 0.05, 0.04, 0.83
493447, 0.06, 0.07, 0.83
493467, 0.09, 0.06, 0.80
493487, 0.10, 0.06, 0.74
493507, 0.07, 0.07, 0.67
493527, 0.05, 0.11, 0.45
493547, 0.13, 0.15, 0.07
493567, 0.13, 0.08, -0.35
493587, 0.10, -0.03, -0.25
493607, 0.10, -0.29, 0.82
493627, 0.06, -0.50, 2.26
493647, -0.13, -0.49, 2.97
493667, -0.33, -0.19, 2.81
493686, -0.24, 0.01, 1.88
493706, -0.02, 0.00, 1.13
493727, 0.11, 0.06, 0.95
493747, 0.05, 0.11, 0.82
493767, 0.11, 0.08, 0.82
493786, 0.13, 0.03, 0.77
493807, 0.14, 0.04, 0.70
493827, 0.14, -0.00, 0.68
493847, 0.11, 0.02, 0.65
493866, 0.07, 0.06, 0.62
493887, 0.04, 0.09, 0.59
493907, 0.05, 0.05, 0.54
493926, 0.01, 0.08, 0.24
493946, 0.04, 0.19, -0.16
493966, -0.12, 0.14, -0.24
493986, 0.04, -0.27, 0.65
494006, 0.19, -0.48, 2.00
494026, -0.24, -0.41, 2.77
494047, -0.38, -0.24, 2.88
494066, -0.16, -0.16, 2.00
494086, 0.15, -0.13, 1.26
494106, 0.15, -0.02, 0.98
494127, 0.15, 0.00, 0.87
494147, 0.17, -0.02, 0.86
494166, 0.16, -0.04, 0.82
494186, 0.12, -0.04, 0.74
494206, 0.07, 0.00, 0.69
494226, 0.03, 0.02, 0.68
494246, -0.02, 0.04, 0.72
494266, -0.05, 0.06, 0.69
494286, -0.01, 0.04, 0.69
494306, -0.04, 0.03, 0.67
494326, -0.04, 0.08, 0.60
494346, 0.04, 0.24, 0.35
494366, -0.02, 0.34, -0.21
494386, 0.01, 0.26, -0.29
494406, 0.06, -0.25, 0.77
494426, 0.24, -0.56, 2.12
494446, -0.37, -0.29, 2.99
494466, -0.64, -0.04, 2.73
494486, -0.17, -0.10, 1.75
494506, 0.11, -0.07, 0.95
494526, 0.12, -0.03, 0.95
494546, -0.01, 0.04, 0.87
494566, 0.05, 0.03, 0.87
494586, 0.08, -0.01, 0.79
494606, 0.11, -0.02, 0.71
494626, 0.08, 0.00, 0.67
494645, 0.05, 0.04, 0.58
494666, 0.02, 0.08, 0.52
494686, 0.04, 0.09, 0.37
494705, 0.10, 0.12, -0.06
494725, 0.13, 0.05, -0.06
494745, 0.01, -0.06, 0.19
494765, 0.04, -0.15, 0.99
494785, -0.19, -0.25, 1.83
494806, -0.29, -0.37, 2.51
494826, -0.32, -0.37, 2.56
494845, -0.30, -0.21, 2.12
494865, -0.22, -0.10, 1.47
494885, -0.11, 0.00, 1.15
494905, -0.07, 0.06, 0.96
494925, -0.03, 0.05, 0.80
494945, 0.02, 0.05, 0.79
494966, 0.04, 0.04, 0.73
494985, 0.11, 0.04, 0.64
495005, 0.12, 0.07, 0.46
495025, 0.15, 0.10, 0.45
495045, 0.18, 0.13, 0.38
495066, 0.16, 0.15, 0.16
495085, 0.16, 0.12, -0.25
495105, 0.24, 0.12, -0.22
495125, 0.10, -0.09, 0.16
495145, 0.03, -0.41, 1.50
495165, 0.00, -0.60, 2.76
495185, -0.16, -0.52, 3.09
495205, -0.34, -0.08, 2.37
495225, -0.06, 0.04, 1.40
495245, 0.14, 0.04, 0.99
495265, 0.07, 0.15, 0.81
495285, 0.13, 0.12, 0.81
495305, 0.19, 0.04, 0.81
495325, 0.25, -0.03, 0.79
495345, 0.22, -0.00, 0.74
495365, 0.16, 0.02, 0.70
495385, 0.13, 0.03, 0.70
495405, 0.07, 0.04, 0.73
495425, 0.09, 0.01, 0.75
495445, 0.09, 0.03, 0.72
495465, 0.06, 0.06, 0.58
495484, 0.03, 0.08, 0.14
495505, 0.09, 0.07, -0.19
495525, -0.03, 0.03, -0.35
495545, 0.14, -0.28, 0.87
495565, 0.04, -0.47, 2.21
495585, -0.11, -0.43, 2.77
495604, -0.25, -0.26, 2.62
495625, -0.14, -0.08, 1.93
495645, 0.02, -0.02, 1.22
495665, 0.05, -0.00, 1.08
495684, 0.00, 0.04, 1.03
495704, 0.02, 0.03, 0.97
495725, 0.04, 0.02, 0.88
495744, 0.04, 0.00, 0.80
495764, 0.07, 0.00, 0.76
495785, 0.04, 0.04, 0.66
495804, 0.07, 0.05, 0.61
495824, 0.04, 0.06, 0.65
495845, -0.00, 0.07, 0.60
495865, 0.01, 0.10, 0.50
495884, 0.00, 0.17, -0.30
495904, 0.09, 0.15, -0.64
495924, -0.00, -0.00, -0.40
495944, 0.11, -0.43, 1.32
495965, -0.03, -0.59, 2.79
495984, -0.32, -0.42, 3.23
496004, -0.33, -0.14, 2.62
496024, -0.09, -0.00, 1.50
496044, 0.07, -0.00, 0.91
496064, 0.01, 0.07, 1.03
496084, -0.01, 0.05, 0.99
496104, 0.01, 0.01, 0.95
496124, 0.03, -0.01, 0.86
496144, 0.09, -0.03, 0.80
496164, 0.07, 0.01, 0.74
496184, 0.04, 0.05, 0.72
496204, 0.03, 0.06, 0.70
496224, 0.04, 0.07, 0.68
496244, 0.06, 0.07, 0.65
496264, 0.01, 0.10, 0.56
496284, -0.03, 0.17, 0.19
496304, 0.07, 0.13, -0.40
496324, -0.06, 0.07, -0.70
496344, -0.27, -0.20, 0.81
496364, 0.00, -0.48, 2.27
496384, -0.05, -0.59, 2.82
496404, -0.10, -0.35, 2.77
496424, -0.08, -0.09, 1.98
496444, 0.15, -0.02, 1.17
496464, 0.13, 0.03, 0.94
496484, 0.01, 0.05, 0.96
496504, -0.03, 0.06, 0.95
496524, -0.01, -0.01, 0.91
496544, -0.02, 0.02, 0.80
496563, 0.02, 0.01, 0.76
496583, 0.04, 0.04, 0.72
496604, 0.00, 0.06, 0.75
496623, 0.02, 0.08, 0.80
496643, 0.03, 0.07, 0.85
496664, 0.05, 0.06, 0.78
496684, 0.06, 0.06, 0.75
496703, 0.04, 0.09, 0.63
496723, 0.05, 0.10, 0.31
496744, 0.10, 0.11, 0.22
496763, 0.02, 0.06, 0.19
496783, 0.13, -0.20, 0.88
496803, 0.01, -0.30, 1.74
496823, -0.12, -0.30, 2.27
496843, -0.19, -0.18, 2.37
496864, -0.21, 0.00, 1.86
496884, -0.02, 0.03, 1.32
496903, 0.08, 0.03, 0.90
496923, 0.13, 0.05, 0.74
496943, 0.20, 0.02, 0.82
496963, 0.16, 0.04, 0.77
496983, 0.16, 0.04, 0.68
497003, 0.10, 0.07, 0.61
497023, 0.08, 0.08, 0.61
497043, 0.07, 0.09, 0.58
497063, 0.03, 0.11, 0.38
497083, 0.05, 0.06, 0.04
497103, 0.04, 0.02, -0.01
497123, 0.12, -0.08, 0.58
497143, 0.06, -0.34, 1.51
497162, 0.10, -0.42, 2.46
497183, -0.24, -0.25, 2.54
497203, -0.31, -0.04, 2.03
497223, -0.13, 0.01, 1.29
497243, 0.06, 0.02, 0.91
497263, -0.01, 0.08, 0.78
497282, -0.01, 0.07, 0.88
497303, 0.02, 0.01, 0.89
497323, 0.04, 0.01, 0.86
497343, 0.05, 0.03, 0.81
497362, 0.04, 0.04, 0.78
497383, 0.01, 0.04, 0.82
497403, -0.02, 0.06, 0.88
497423, 0.00, 0.04, 0.88
497442, -0.01, 0.06, 0.84
497462, -0.03, 0.10, 0.76
497482, -0.08, 0.10, 0.62
497502, -0.02, 0.18, 0.06
497522, 0.02, 0.09, -0.46
497542, 0.02, 0.04, -0.31
497562, -0.04, -0.21, 0.68
497582, 0.04, -0.41, 1.99
497602, 0.04, -0.46, 2.73
497622, -0.15, -0.31, 2.69
497642, -0.17, -0.06, 2.15
497662, -0.11, 0.03, 1.46
497682, 0.05, 0.01, 1.17
497702, 0.05, 0.05, 1.05
497723, 0.05, 0.06, 0.94
497742, 0.08, -0.01, 0.83
497762, 0.14, 0.01, 0.74
497782, 0.05, 0.09, 0.63
497803, -0.02, 0.09, 0.57
497822, -0.00, 0.08, 0.59
497842, 0.02, 0.06, 0.59
497862, 0.00, 0.09, 0.56
497882, -0.04, 0.07, 0.51
497902, -0.05, 0.07, 0.29
497922, 0.02, 0.06, -0.02
497942, 0.03, 0.02, -0.41
497962, 0.15, -0.16, 0.10
497982, 0.22, -0.42, 1.74
498002, 0.17, -0.46, 2.73
498022, 0.18, -0.46, 2.87
498042, -0.02, -0.23, 2.48
498062, -0.12, -0.00, 1.59
498082, 0.08, -0.01, 1.02
498102, 0.16, -0.02, 0.87
498122, 0.15, -0.00, 0.77
498141, 0.11, -0.02, 0.70
498161, 0.05, 0.15, 0.73
498182, 0.08, -0.00, 0.67
498202, 0.05, -0.00, 0.63
498222, 0.06, 0.01, 0.65
498242, 0.02, 0.05, 0.65
498261, 0.01, 0.07, 0.66
498282, 0.00, 0.08, 0.60
498301, 0.01, 0.14, 0.26
498321, -0.02, 0.12, -0.30
498341, 0.14, 0.10, -0.47
498361, -0.10, -0.08, 0.24
498382, -0.01, -0.41, 1.89
498402, 0.04, -0.60, 2.96
498422, -0.22, -0.40, 3.03
498441, -0.25, -0.15, 2.19
498461, -0.05, -0.04, 1.38
498481, 0.08, -0.04, 1.04
498501, 0.01, 0.01, 0.99
498522, 0.05, 0.01, 0.94
498542, 0.08, -0.04, 0.87
498562, 0.03, -0.03, 0.83
498581, -0.02, -0.01, 0.80
498601, -0.05, 0.01, 0.81
498621, -0.12, 0.04, 0.85
498641, -0.13, 0.08, 0.77
498661, -0.12, 0.11, 0.65
498681, -0.07, 0.13, 0.50
498701, -0.02, 0.19, 0.00
498721, 0.14, 0.19, -0.46
498741, 0.21, 0.09, -0.51
498761, 0.25, -0.10, -0.05
498781, 0.22, -0.39, 0.99
498801, 0.01, -0.48, 2.35
498821, -0.15, -0.53, 3.05
498841, -0.43, -0.24, 2.93
498861, -0.47, 0.01, 2.14
498881, -0.21, -0.00, 1.41
498901, -0.09, 0.03, 1.04
498921, -0.13, 0.09, 0.90
498941, -0.06, 0.08, 0.84
498961, 0.02, 0.02, 0.80
498981, 0.03, 0.07, 0.72
499001, 0.07, 0.09, 0.62
499021, 0.03, 0.11, 0.56
499041, -0.01, 0.13, 0.53
499061, -0.02, 0.12, 0.50
499081, 0.02, 0.14, 0.36
499101, 0.01, 0.17, 0.15
499120, 0.10, 0.13, -0.28
499140, 0.33, -0.01, -0.40
499161, 0.34, -0.12, -0.26
499181, 0.13, -0.40, 0.71
499201, 0.08, -0.54, 2.20
499221, 0.06, -0.65, 3.10
499241, -0.49, -0.32, 3.18
499261, -0.49, -0.07, 2.49
499281, -0.30, -0.02, 1.41
499300, -0.06, -0.02, 1.09
499320, -0.08, 0.01, 0.89
499340, 0.03, -0.01, 0.74
499361, 0.08, -0.04, 0.68
499381, 0.17, -0.06, 0.66
499401, 0.19, -0.06, 0.64
499421, 0.06, -0.01, 0.67
499441, 0.03, 0.02, 0.70
499460, 0.03, 0.02, 0.71
499480, -0.01, 0.03, 0.72
499500, -0.07, 0.07, 0.69
499520, -0.10, 0.08, 0.65
499541, -0.04, 0.08, 0.44
499560, 0.08, 0.05, 0.18
499580, 0.06, -0.00, 0.08
499600, 0.13, -0.23, 0.78
499620, 0.03, -0.32, 1.58
499640, -0.02, -0.39, 2.49
499660, -0.32, -0.25, 2.79
499680, -0.38, -0.06, 2.18
499700, -0.12, -0.02, 1.40
499720, -0.04, -0.03, 1.08
499740, -0.10, 0.00, 0.82
499760, -0.01, -0.03, 0.71
499780, 0.07, -0.05, 0.63
499800, 0.09, -0.04, 0.54
499820, 0.07, -0.01, 0.49
499840, 0.05, 0.02, 0.44
499860, -0.01, 0.04, 0.43
499880, -0.06, 0.09, 0.38
499900, -0.03, 0.11, 0.12
499920, 0.08, 0.06, 0.06
499939, 0.07, -0.01, -0.01
499960, 0.10, -0.27, 0.83
499980, -0.18, -0.32, 1.86
500000, -0.18, -0.37, 2.71
500020, -0.42, -0.24, 2.78
500040, -0.43, -0.02, 2.15
500059, -0.14, -0.02, 1.36
500079, 0.03, -0.05, 1.03
500099, 0.04, -0.06, 0.93
500119, 0.06, -0.11, 0.86
500139, 0.06, -0.09, 0.81
500160, 0.03, -0.09, 0.76
500180, 0.00, -0.04, 0.69
500200, -0.03, 0.02, 0.66
500220, -0.04, 0.05, 0.60
500240, -0.11, 0.11, 0.57
500260, -0.08, 0.14, 0.49
500279, -0.03, 0.15, 0.43
500299, 0.02, 0.16, 0.04
500319, 0.11, 0.08, -0.28
500339, 0.13, 0.04, -0.12
500359, 0.04, -0.20, 0.30
500379, 0.00, -0.38, 1.65
500399, -0.07, -0.45, 2.61
500419, -0.19, -0.41, 2.97
500440, -0.43, -0.12, 2.58
500459, -0.27, 0.02, 1.74
500479, -0.05, -0.02, 1.09
500499, 0.01, -0.03, 0.89
500519, 0.05, -0.04, 0.77
500539, 0.10, -0.07, 0.75
500559, 0.13, -0.06, 0.73
500579, 0.14, -0.09, 0.70
500599, 0.12, -0.06, 0.69
500619, 0.06, -0.03, 0.71
500639, -0.00, -0.01, 0.66
500659, 0.03, 0.01, 0.56
500679, 0.05, 0.06, 0.30
500699, 0.11, 0.02, 0.04
500719, 0.11, 0.01, 0.08
500739, 0.13, -0.17, 0.27
500759, 0.22, -0.38, 1.21
500779, 0.08, -0.44, 2.05
500799, -0.02, -0.42, 2.58
500819, -0.22, -0.26, 2.51
500839, -0.26, -0.04, 1.83
500859, -0.15, -0.03, 1.23
500879, -0.05, -0.01, 0.99
500899, -0.08, 0.01, 0.83
500919, -0.04, 0.01, 0.70
500939, 0.06, -0.01, 0.60
500959, 0.10, -0.01, 0.56
500978, 0.09, -0.02, 0.56
500998, 0.09, -0.00, 0.63
501019, 0.03, 0.04, 0.62
501039, 0.05, 0.05, 0.54
501058, 0.09, 0.03, 0.48
501078, 0.10, 0.02, 0.30
501099, 0.18, -0.03, 0.20
501119, 0.05, -0.06, 0.11
501139, 0.05, -0.33, 1.00
501159, 0.09, -0.57, 1.97
501179, -0.06, -0.45, 2.36
501198, -0.16, -0.21, 2.61
501218, -0.16, -0.11, 2.21
501238, -0.08, -0.03, 1.47
501258, -0.09, 0.02, 1.08
501278, -0.03, 0.01, 0.80
501298, 0.06, -0.01, 0.58
501318, 0.09, -0.06, 0.55
501338, 0.21, -0.09, 0.09
501358, 0.21, -0.02, 0.45
501378, 0.05, -0.02, 0.56
501398, 0.09, 0.05, 0.63
501418, -0.01, 0.04, 0.60
501438, -0.01, 0.07, 0.60
501458, 0.08, 0.03, 0.56
501478, 0.10, 0.00, 0.58
501498, 0.08, 0.00, 0.57
501518, 0.16, -0.12, 0.67
501538, 0.26, -0.17, 0.95
501558, 0.06, -0.26, 1.97
501578, -0.03, -0.22, 1.96
501598, 0.01, -0.12, 1.99
501618, 0.02, -0.06, 1.69
501638, 0.02, -0.03, 1.34
501658, 0.10, -0.04, 1.07
501678, 0.13, -0.05, 0.96
501698, 0.09, -0.03, 0.82
501718, 0.09, -0.03, 0.74
501738, 0.14, -0.05, 0.57
501758, 0.16, -0.05, 0.60
501778, 0.07, 0.00, 0.69
501798, 0.05, 0.02, 0.75
501817, 0.08, 0.06, 0.82
501838, 0.03, 0.10, 0.77
501858, 0.08, 0.08, 0.62
501877, 0.18, 0.09, 0.38
501898, 0.24, 0.01, 0.29
501918, 0.18, 0.01, 0.38
501938, 0.24, -0.04, 1.56
501958, -0.02, -0.30, 1.60
501978, 0.19, -0.24, 2.03
501998, 0.04, -0.13, 1.99
502018, 0.16, -0.08, 1.64
502038, 0.07, -0.02, 1.18
502057, 0.12, 0.01, 0.92
502077, 0.27, 0.17, 0.80
502097, 0.30, -0.06, 0.70
502117, 0.30, -0.09, 0.66
502137, 0.28, -0.05, 0.76
502157, 0.16, -0.00, 0.81
502177, 0.14, -0.04, 0.91
502197, 0.16, -0.04, 1.00
502218, 0.12, -0.01, 1.06
502237, 0.07, 0.05, 1.04
502257, 0.12, 0.03, 0.94
502277, 0.17, 0.02, 0.82
502298, 0.18, 0.03, 0.55
502317, 0.18, 0.08, 0.06
502337, 0.20, -0.08, 0.18
502357, 0.35, -0.20, 1.17
502377, 0.24, -0.30, 1.65
502397, 0.22, -0.26, 1.93
502417, 0.20, -0.17, 1.92
502437, 0.12, -0.05, 1.50
502457, 0.06, 0.02, 1.04
502477, 0.11, 0.04, 0.82
502497, 0.15, -0.01, 0.81
502517, 0.17, -0.02, 0.78
502537, 0.15, -0.01, 0.67
502557, 0.19, -0.03, 0.81
502577, 0.22, -0.05, 0.83
502597, 0.19, -0.03, 0.86
502617, 0.17, 0.02, 0.88
502637, 0.10, 0.03, 0.88
502656, 0.10, 0.05, 0.78
502677, 0.12, 0.12, 0.45
502697, 0.09, 0.07, 0.21
502717, 0.15, -0.08, 0.64
502737, 0.07, -0.31, 1.20
502757, 0.33, -0.27, 2.13
502777, 0.16, -0.15, 1.96
502796, 0.33, -0.10, 1.51
502816, 0.24, -0.02, 0.95
502836, 0.14, 0.02, 0.81
502856, 0.14, 0.01, 0.75
502877, 0.14, -0.02, 0.62
502897, 0.18, -0.05, 0.73
502917, 0.18, -0.05, 0.74
502937, 0.12, -0.01, 0.82
502957, 0.09, -0.00, 0.85
502976, 0.20, -0.03, 0.94
502996, 0.16, -0.01, 0.97
503016, 0.16, 0.01, 0.99
503036, 0.18, 0.01, 0.96
503057, 0.16, 0.02, 0.90
503076, 0.16, 0.08, 0.65
503096, 0.17, 0.09, 0.25
503116, 0.11, 0.05, 0.13
503136, 0.17, -0.10, 0.54
503156, 0.78, -0.13, 1.20
503176, 0.52, -0.33, 2.01
503196, 0.24, -0.16, 2.16
503216, 0.31, -0.14, 1.81
503237, 0.18, -0.06, 1.17
503256, 0.20, -0.04, 0.97
503276, 0.20, -0.04, 0.91
503296, 0.18, -0.02, 0.87
503316, 0.15, -0.01, 0.78
503336, 0.12, 0.01, 0.78
503356, 0.10, 0.04, 0.76
503376, 0.08, 0.06, 0.75
503396, 0.14, 0.09, 0.82
503416, 0.06, 0.10, 0.77
503436, 0.07, 0.10, 0.72
503455, 0.18, 0.07, 0.77
503476, 0.13, 0.08, 0.75
503496, 0.14, 0.00, 0.68
503516, 0.07, 0.24, 0.42
503535, 0.21, 0.05, 0.46
503556, 0.19, 0.05, 0.05
503576, 0.09, -0.04, 0.17
503596, 0.25, -0.24, 0.89
503616, 0.27, -0.29, 1.45
503636, 0.18, -0.30, 1.91
503656, 0.13, -0.26, 2.39
503676, -0.00, -0.06, 2.00
503696, 0.04, -0.02, 1.54
503716, 0.08, 0.01, 1.06
503735, 0.08, 0.02, 0.85
503755, 0.11, -0.01, 0.80
503775, 0.15, -0.04, 0.73
503796, 0.14, -0.06, 0.77
503816, 0.14, -0.03, 0.74
503836, 0.11, 0.01, 0.73
503856, 0.06, 0.05, 0.72
503875, 0.08, 0.05, 0.75
503895, 0.12, 0.04, 0.77
503916, 0.12, 0.04, 0.78
503935, 0.12, 0.03, 0.86
503955, 0.12, 0.02, 0.86
503975, 0.17, 0.02, 0.76
503996, 0.23, 0.02, 0.56
504015, 0.16, 0.03, 0.30
504035, 0.17, -0.16, 0.85
504055, 0.41, -0.34, 1.51
504075, 0.17, -0.19, 1.68
504095, 0.16, -0.20, 2.20
504115, 0.11, -0.08, 1.84
504135, 0.10, 0.01, 1.41
504155, 0.09, 0.03, 1.19
504175, 0.06, 0.05, 1.05
504195, 0.10, 0.04, 0.91
504215, 0.17, 0.03, 0.67
504235, 0.18, 0.03, 0.53
504255, 0.27, -0.00, 0.50
504275, 0.24, -0.01, 0.47
504295, 0.21, 0.02, 0.54
504315, 0.12, 0.05, 0.64
504335, 0.10, 0.04, 0.73
504355, 0.05, 0.04, 0.81
504374, 0.02, 0.06, 0.93
504395, 0.08, 0.04, 0.94
504415, 0.09, 0.06, 0.71
504435, 0.18, 0.06, 0.38
504455, 0.23, -0.04, 0.32
504474, 0.24, -0.16, 0.90
504494, 0.29, -0.31, 1.65
504514, 0.35, -0.31, 1.95
504534, 0.22, -0.20, 1.94
504555, 0.17, -0.10, 1.64
504575, 0.15, -0.01, 1.19
504595, 0.13, -0.02, 1.04
504615, 0.07, -0.01, 1.04
504635, 0.13, -0.04, 0.90
504655, 0.18, -0.05, 0.75
504674, 0.20, -0.03, 0.71
504694, 0.15, -0.00, 0.74
504714, 0.10, 0.05, 0.73
504734, 0.06, 0.07, 0.86
504755, 0.12, 0.05, 0.88
504774, 0.15, 0.04, 0.84
504794, 0.18, 0.04, 0.80
504815, 0.20, 0.10, 0.50
504834, 0.21, 0.13, -0.28
504854, 0.15, 0.06, -0.58
504875, -0.11, -0.18, 0.30
504895, 0.36, -0.29, 1.85
504914, 0.06, -0.57, 2.81
504934, 0.19, -0.33, 2.39
504954, 0.32, -0.07, 1.64
504975, 0.18, 0.03, 0.97
504994, 0.13, 0.05, 0.75
505014, 0.16, -0.01, 0.86
505034, 0.14, -0.06, 0.96
505054, 0.12, -0.08, 0.91
505074, 0.15, -0.07, 0.87
505094, 0.07, -0.01, 0.75
505114, 0.05, 0.04, 0.71
505134, 0.09, 0.03, 0.79
505154, 0.37, 0.00, 0.88
505174, 0.35, -0.08, 0.85
505194, 0.24, -0.01, 0.91
505214, 0.22, 0.03, 0.85
505234, 0.17, 0.05, 0.76
505254, 0.20, 0.12, 0.36
505274, 0.15, -0.06, -0.20
505294, 0.29, 0.01, 0.41
505314, 0.14, -0.12, 0.57
505334, 0.23, -0.29, 1.13
505354, 0.10, -0.43, 1.66
505374, 0.22, -0.35, 2.15
505394, 0.25, -0.31, 2.08
505414, 0.27, -0.20, 1.58
505434, 0.10, -0.10, 1.25
505453, 0.06, -0.05, 0.97
505473, 0.16, -0.08, 0.93
505493, 0.13, -0.08, 0.83
505513, 0.18, -0.09, 0.83
505533, 0.19, -0.05, 0.69
505553, 0.17, -0.02, 0.69
505573, 0.14, 0.02, 0.62
505594, 0.17, 0.01, 0.66
505613, 0.16, 0.04, 0.60
505633, 0.18, 0.05, 0.57
505653, 0.18, 0.04, 0.48
505674, 0.24, 0.00, 0.38
505693, 0.24, -0.07, 0.45
505713, 0.21, -0.21, 1.12
505733, 0.60, -0.35, 2.15
505753, 0.17, -0.37, 2.03
505773, 0.28, -0.24, 2.00
505793, 0.24, -0.18, 1.66
505813, 0.12, -0.04, 1.26
505833, 0.16, -0.06, 1.07
505853, 0.16, -0.05, 0.90
505873, 0.15, -0.02, 0.75
505893, 0.21, -0.01, 0.59
505913, 0.22, -0.01, 0.58
505933, 0.18, 0.03, 0.64
505953, 0.13, 0.06, 0.64
505973, 0.08, 0.08, 0.68
505993, 0.07, 0.09, 0.71
506013, 0.02, 0.11, 0.68
506033, 0.11, 0.09, 0.59
506053, 0.21, 0.06, 0.35
506073, 0.23, 0.05, 0.09
506093, 0.23, -0.04, -0.02
506113, 0.32, -0.32, 0.82
506133, 0.40, -0.51, 1.69
506153, 0.24, -0.35, 2.15
506173, 0.18, -0.37, 2.59
506193, 0.12, -0.18, 1.94
506213, 0.05, -0.03, 1.41
506232, 0.08, 0.02, 1.01
506253, 0.17, -0.03, 0.90
506273, 0.18, -0.06, 0.85
506293, 0.19, -0.06, 0.73
506313, 0.22, -0.05, 0.67
506333, 0.19, -0.02, 0.62
506353, 0.17, -0.00, 0.67
506373, 0.12, 0.04, 0.65
506392, 0.12, 0.06, 0.61
506412, 0.10, 0.07, 0.58
506433, 0.12, 0.08, 0.52
506453, 0.20, 0.05, 0.40
506472, 0.24, 0.02, 0.31
506492, 0.18, -0.05, 0.34
506512, 0.26, -0.23, 1.04
506532, 0.31, -0.37, 1.75
506552, 0.25, -0.49, 2.15
506572, 0.15, -0.26, 2.27
506592, 0.10, -0.17, 1.79
506612, 0.16, -0.07, 1.16
506632, 0.17, -0.04, 1.02
506652, 0.17, -0.02, 0.85
506672, 0.24, -0.07, 0.78
506693, 0.25, -0.07, 0.71
506713, 0.19, -0.03, 0.66
506733, 0.19, -0.02, 0.67
506752, 0.12, 0.04, 0.70
506772, 0.08, 0.07, 0.77
506792, 0.04, 0.09, 0.74
506812, 0.05, 0.10, 0.68
506832, 0.12, 0.11, 0.48
506852, 0.16, 0.09, 0.25
506872, 0.16, 0.05, 0.12
506892, 0.24, -0.10, 0.26
506912, 0.42, -0.36, 1.16
506932, 0.36, -0.46, 1.80
506952, 0.43, -0.42, 2.47
506972, 0.18, -0.30, 2.26
506992, 0.18, -0.12, 1.74
507012, 0.09, -0.01, 1.16
507031, 0.14, -0.03, 0.90
507051, 0.15, -0.02, 0.84
507071, 0.15, -0.06, 0.83
507092, 0.19, -0.05, 0.72
507112, 0.23, -0.06, 0.65
507132, 0.20, -0.03, 0.67
507152, 0.15, 0.01, 0.70
507172, 0.15, 0.04, 0.66
507192, 0.13, 0.04, 0.67
507211, 0.12, 0.06, 0.58
507232, 0.20, 0.02, 0.47
507252, 0.23, 0.03, 0.31
507271, 0.14, 0.04, 0.09
507291, 0.23, -0.24, 0.82
507311, 0.16, -0.36, 1.51
507331, 0.30, -0.45, 1.97
507351, 0.13, -0.31, 2.11
507371, 0.07, -0.15, 1.92
507391, 0.15, -0.05, 1.49
507411, 0.18, -0.02, 1.20
507431, 0.16, -0.01, 1.08
507452, 0.14, -0.04, 0.95
507472, 0.23, -0.07, 0.94
507492, 0.25, -0.08, 0.80
507512, 0.22, -0.03, 0.69
507531, 0.18, 0.03, 0.61
507551, 0.13, 0.07, 0.54
507571, 0.12, 0.07, 0.52
507591, 0.11, 0.10, 0.48
507611, 0.12, 0.10, 0.37
507631, 0.23, 0.02, 0.41
507651, 0.19, 0.05, 0.30
507671, 0.16, -0.09, 0.52
507691, 0.20, -0.24, 1.03
507711, 0.26, -0.40, 1.79
507731, 0.09, -0.42, 2.06
507751, 0.17, -0.25, 2.16
507771, 0.16, -0.17, 1.68
507791, 0.16, -0.05, 1.25
507811, 0.17, -0.04, 1.05
507831, 0.16, -0.04, 0.96
507851, 0.17, -0.05, 0.84
507871, 0.26, -0.06, 0.79
507891, 0.26, -0.05, 0.72
507911, 0.22, -0.02, 0.72
507931, 0.15, 0.03, 0.73
507951, 0.08, 0.07, 0.71
507971, 0.10, 0.09, 0.71
507991, 0.12, 0.10, 0.63
508011, 0.15, 0.09, 0.49
508031, 0.19, 0.09, 0.27
508050, 0.15, 0.12, -0.01
508070, 0.03, -0.02, 0.15
508091, 0.19, -0.29, 0.96
508111, 0.40, -0.47, 1.50
508131, 0.39, -0.50, 1.91
508151, 0.15, -0.45, 2.08
508171, 0.17, -0.25, 2.00
508191, 0.06, -0.14, 1.65
508211, 0.09, -0.08, 1.39
508231, 0.09, -0.07, 1.12
508251, 0.12, -0.04, 0.95
508271, 0.20, -0.05, 0.76
508291, 0.28, -0.06, 0.67
508310, 0.25, -0.04, 0.61
508330, 0.16, 0.02, 0.62
508350, 0.14, 0.03, 0.64
508370, 0.10, 0.05, 0.62
508391, 0.06, 0.10, 0.58
508410, 0.04, 0.13, 0.45
508430, 0.14, 0.10, 0.26
508450, 0.22, 0.05, 0.23
508471, 0.23, 0.03, 0.15
508490, 0.30, -0.19, 0.65
508510, 0.32, -0.39, 1.43
508530, 0.28, -0.48, 2.06
508550, 0.11, -0.40, 2.40
508570, 0.02, -0.27, 2.15
508590, 0.00, -0.10, 1.61
508610, 0.03, -0.04, 1.10
508630, 0.09, -0.01, 0.98
508650, 0.08, -0.00, 0.88
508670, 0.16, -0.04, 0.81
508690, 0.22, -0.05, 0.74
508710, 0.19, -0.02, 0.70
508730, 0.21, -0.01, 0.65
508750, 0.18, 0.00, 0.64
508770, 0.16, 0.03, 0.63
508790, 0.12, 0.06, 0.58
508810, 0.10, 0.08, 0.53
508830, 0.16, 0.07, 0.35
508850, 0.22, 0.06, 0.17
508870, 0.25, -0.14, 0.09
508890, 0.31, -0.37, 1.22
508910, 0.19, -0.21, 2.25
508930, 0.12, -0.49, 2.47
508950, 0.07, -0.33, 2.27
508970, 0.07, -0.13, 1.54
508990, 0.12, -0.07, 0.97
509010, 0.19, -0.06, 0.92
509030, 0.15, -0.06, 0.86
509050, 0.18, -0.09, 0.86
509070, 0.20, -0.10, 0.82
509090, 0.16, -0.06, 0.72
509110, 0.15, -0.01, 0.65
509130, 0.13, 0.02, 0.62
509149, 0.10, 0.07, 0.57
509169, 0.08, 0.10, 0.55
509190, 0.05, 0.11, 0.51
509209, 0.05, 0.11, 0.46
509229, 0.17, 0.06, 0.39
509249, 0.15, 0.11, 0.16
509270, 0.18, -0.05, 0.46
509290, 0.17, -0.28, 1.19
509310, 0.28, -0.47, 1.89
509330, 0.29, -0.56, 2.45
509350, 0.19, -0.42, 2.42
509369, -0.13, -0.16, 1.85
509389, -0.15, -0.06, 1.35
509409, -0.08, -0.03, 1.09
509429, 0.04, -0.03, 0.89
509449, 0.14, -0.03, 0.72
509469, 0.22, -0.05, 0.67
509489, 0.28, -0.03, 0.59
509509, 0.26, -0.00, 0.61
509529, 0.21, 0.03, 0.64
509549, 0.17, 0.06, 0.69
509569, 0.11, 0.09, 0.69
509589, 0.08, 0.10, 0.63
509609, 0.06, 0.12, 0.56
509628, 0.06, 0.11, 0.45
509649, 0.19, 0.03, 0.17
509669, 0.35, -0.07, -0.08
509689, 0.50, -0.20, 0.59
509709, 0.19, -0.24, 1.36
509729, 0.12, -0.41, 2.04
509749, 0.02, -0.51, 2.59
509769, -0.17, -0.32, 2.26
509788, -0.07, -0.18, 1.74
509809, -0.01, -0.11, 1.13
509829, 0.05, -0.05, 0.93
509848, 0.06, -0.04, 0.80
509868, 0.08, -0.07, 0.79
509888, 0.12, -0.07, 0.74
509908, 0.13, -0.05, 0.67
509928, 0.14, -0.03, 0.67
509948, 0.11, -0.00, 0.70
509969, 0.10, -0.00, 0.79
509989, 0.06, 0.01, 0.79
510008, 0.04, 0.04, 0.81
510028, 0.06, 0.06, 0.80
510049, 0.06, 0.06, 0.68
510069, 0.07, 0.12, 0.11
510088, 0.27, 0.04, 0.03
510108, 0.28, -0.13, 0.06
510128, 0.41, -0.39, 1.00
510148, 0.10, -0.48, 1.84
510168, 0.01, -0.54, 2.64
510188, -0.09, -0.37, 2.59
510208, -0.17, -0.13, 1.92
510228, 0.01, -0.04, 1.25
510248, 0.08, -0.03, 1.04
510268, 0.07, -0.04, 0.95
510288, 0.17, -0.08, 0.89
510308, 0.22, -0.09, 0.84
510328, 0.21, -0.06, 0.76
510348, 0.17, -0.02, 0.69
510368, 0.10, 0.04, 0.60
510388, 0.08, 0.06, 0.52
510408, 0.09, 0.06, 0.51
510428, 0.08, 0.07, 0.49
510448, 0.10, 0.04, 0.46
510468, 0.10, 0.01, 0.62
510488, 0.11, 0.03, 0.67
510508, 0.17, 0.01, 0.52
510528, 0.17, -0.01, 0.35
510548, 0.22, -0.20, 0.89
510568, 0.15, -0.34, 1.48
510588, 0.12, -0.48, 2.22
510608, -0.09, -0.34, 2.44
510628, -0.09, -0.19, 1.96
510648, 0.04, -0.07, 1.29
510668, 0.13, -0.03, 0.86
510688, 0.17, -0.04, 0.80
510708, 0.20, -0.07, 0.81
510728, 0.20, -0.09, 0.75
510748, 0.23, -0.10, 0.74
510768, 0.22, -0.07, 0.68
510788, 0.16, -0.03, 0.69
510808, 0.07, 0.02, 0.71
510827, 0.05, 0.05, 0.72
510848, 0.04, 0.05, 0.74
510868, 0.05, 0.06, 0.74
510887, 0.07, 0.07, 0.66
510907, 0.12, 0.06, 0.54
510927, 0.11, 0.09, 0.27
510948, 0.19, -0.03, 0.41
510968, 0.29, -0.30, 1.13
510988, 0.27, -0.43, 1.75
511008, 0.21, -0.44, 2.20
511027, 0.03, -0.30, 2.04
511047, 0.01, -0.14, 1.66
511067, -0.00, -0.04, 1.14
511087, 0.05, -0.00, 0.95
511107, 0.07, -0.02, 0.88
511127, 0.06, -0.03, 0.82
511147, 0.13, -0.06, 0.79
511167, 0.12, -0.05, 0.79
511187, 0.11, -0.01, 0.74
511207, 0.11, 0.01, 0.72
511227, 0.08, 0.03, 0.66
511247, 0.07, 0.04, 0.62
511267, 0.09, 0.05, 0.57
511287, 0.12, 0.03, 0.53
511307, 0.16, -0.01, 0.50
511327, 0.23, -0.09, 0.51
511347, 0.27, -0.26, 0.99
511367, 0.24, -0.41, 1.62
511387, 0.06, -0.43, 2.10
511407, 0.00, -0.29, 2.16
511427, 0.01, -0.18, 1.73
511447, 0.03, -0.10, 1.27
511466, 0.05, -0.01, 1.06
511487, 0.09, 0.00, 0.88
511507, 0.09, 0.00, 0.79
511527, 0.05, 0.04, 0.67
511546, 0.15, 0.02, 0.57
511567, 0.14, 0.04, 0.47
511587, 0.11, 0.07, 0.50
511607, 0.06, 0.08, 0.50
511626, 0.13, 0.03, 0.57
511647, 0.04, 0.04, 0.68
511667, 0.05, 0.05, 0.81
511686, 0.11, 0.06, 0.60
511706, 0.22, 0.01, 0.45
511727, 0.22, -0.16, 0.92
511747, 0.26, -0.28, 1.38
511767, 0.23, -0.35, 1.71
511787, 0.13, -0.31, 1.89
511807, 0.00, -0.19, 1.77
511827, 0.04, -0.12, 1.52
511847, 0.07, -0.06, 1.23
511867, 0.08, -0.06, 1.08
511886, 0.07, -0.03, 0.97
511906, 0.09, -0.01, 0.88
511926, 0.13, -0.01, 0.75
511946, 0.14, 0.02, 0.68
511966, 0.18, 0.00, 0.63
511986, 0.15, 0.03, 0.65
512006, 0.03, 0.12, 0.69
512026, 0.04, 0.10, 0.65
512047, 0.02, 0.10, 0.61
512066, 0.04, 0.12, 0.44
512086, 0.14, 0.09, 0.27
512106, 0.12, 0.06, 0.05
512126, 0.18, -0.20, 0.71
512146, 0.24, -0.39, 1.49
512166, 0.32, -0.54, 2.10
512186, 0.09, -0.42, 2.37
512206, 0.01, -0.23, 1.97
512226, 0.03, -0.07, 1.49
512246, 0.11, -0.03, 1.09
512266, 0.08, -0.04, 1.06
512286, 0.03, -0.02, 0.95
512306, 0.10, -0.03, 0.86
512326, 0.15, -0.03, 0.71
512346, 0.18, -0.03, 0.62
512366, 0.12, -0.01, 0.66
512386, 0.11, 0.02, 0.66
512405, 0.12, 0.04, 0.64
512426, 0.11, 0.03, 0.68
512446, 0.08, 0.04, 0.68
512465, 0.13, 0.02, 0.67
512485, 0.20, 0.00, 0.60
512506, 0.19, 0.04, 0.35
512526, 0.21, -0.03, 0.46
512546, 0.25, -0.28, 1.01
512566, 0.20, -0.41, 1.64
512586, 0.14, -0.46, 2.20
512606, -0.01, -0.29, 2.29
512626, -0.09, -0.07, 1.75
512646, 0.02, -0.02, 1.19
512666, 0.11, 0.00, 1.00
512685, 0.07, 0.02, 0.90
512705, 0.14, -0.03, 0.85
512725, 0.20, -0.03, 0.76
512745, 0.22, -0.02, 0.65
512765, 0.20, 0.01, 0.59
512786, 0.13, 0.04, 0.56
512805, 0.09, 0.05, 0.56
512825, 0.05, 0.05, 0.59
512845, 0.05, 0.05, 0.58
512865, 0.09, 0.02, 0.63
512885, 0.10, 0.05, 0.48
512905, 0.17, -0.06, 0.55
512925, 0.23, -0.21, 1.02
512945, 0.25, -0.32, 1.50
512965, 0.26, -0.39, 1.94
512985, 0.08, -0.27, 2.06
513005, -0.05, -0.11, 1.79
513025, 0.01, -0.05, 1.40
513045, 0.07, -0.03, 1.06
513065, 0.11, -0.03, 0.97
513085, 0.09, 0.00, 0.81
513105, 0.11, -0.02, 0.78
513125, 0.12, -0.01, 0.71
513145, 0.17, 0.00, 0.61
513165, 0.16, 0.03, 0.56
513185, 0.10, 0.06, 0.54
513204, 0.07, 0.07, 0.53
513225, 0.08, 0.05, 0.52
513245, 0.15, 0.02, 0.58
513265, 0.14, 0.01, 0.50
513284, 0.11, -0.09, 0.77
513304, 0.09, -0.21, 1.22
513324, 0.30, -0.40, 1.67
513344, 0.19, -0.38, 2.05
513364, -0.06, -0.19, 2.11
513384, -0.02, -0.07, 1.61
513405, 0.07, -0.04, 1.16
513424, 0.06, 0.02, 0.89
513445, 0.08, 0.04, 0.79
513465, 0.09, 0.02, 0.76
513484, 0.07, 0.00, 0.79
513504, 0.09, 0.00, 0.77
513525, 0.10, 0.03, 0.75
513544, 0.07, 0.05, 0.75
513564, 0.06, 0.06, 0.77
513585, 0.07, 0.07, 0.77
513605, 0.12, 0.04, 0.74
513624, 0.06, 0.06, 0.76
513644, 0.07, 0.05, 0.71
513665, 0.10, 0.06, 0.52
513684, 0.12, 0.06, 0.45
513704, 0.17, -0.08, 0.45
513724, 0.24, -0.21, 0.98
513744, 0.19, -0.26, 1.40
513764, 0.15, -0.28, 1.78
513784, 0.11, -0.30, 2.00
513804, 0.05, -0.16, 1.81
513824, -0.02, -0.04, 1.47
513844, -0.01, 0.01, 1.14
513864, 0.05, 0.01, 0.97
513884, 0.07, -0.00, 0.84
513904, 0.14, -0.03, 0.78
513924, 0.17, -0.06, 0.74
513944, 0.14, -0.03, 0.72
513964, 0.11, -0.01, 0.74
513984, 0.09, 0.00, 0.70
514004, 0.11, 0.01, 0.75
514024, 0.08, 0.05, 0.74
514044, 0.12, 0.06, 0.69
514064, 0.11, 0.07, 0.54
514084, 0.09, 0.06, 0.46
514104, 0.19, -0.03, 0.57
514123, 0.24, -0.17, 0.87
514143, 0.09, -0.19, 1.32
514164, -0.03, -0.22, 1.66
514184, 0.05, -0.29, 1.85
514204, 0.12, -0.24, 1.76
514224, 0.14, -0.13, 1.49
514244, 0.07, -0.02, 1.13
514263, 0.03, 0.03, 1.00
514284, -0.02, 0.03, 0.94
514304, -0.01, 0.01, 0.93
514324, 0.06, -0.01, 0.87
514344, 0.10, -0.01, 0.80
514363, 0.08, -0.00, 0.83
514383, 0.05, 0.03, 0.84
514404, 0.06, 0.05, 0.82
514424, 0.04, 0.05, 0.80
514443, 0.10, 0.04, 0.80
514463, 0.11, 0.05, 0.74
514484, 0.15, 0.02, 0.69
514503, 0.10, 0.05, 0.64
514523, 0.08, 0.04, 0.49
514543, 0.09, 0.08, 0.36
514564, 0.15, -0.00, 0.32
514584, 0.19, -0.16, 0.81
514604, 0.14, -0.26, 1.37
514623, 0.10, -0.39, 1.97
514643, -0.00, -0.34, 2.33
514664, -0.09, -0.17, 2.03
514683, -0.03, -0.06, 1.46
514703, 0.03, 0.03, 1.06
514724, 0.04, 0.04, 0.90
514743, 0.12, 0.02, 0.78
514763, 0.12, -0.02, 0.71
514783, 0.12, -0.03, 0.69
514803, 0.12, -0.01, 0.74
514823, 0.07, 0.03, 0.69
514843, 0.05, 0.05, 0.73
514863, 0.05, 0.05, 0.74
514883, 0.05, 0.06, 0.76
514903, 0.04, 0.07, 0.77
514923, 0.07, 0.05, 0.79
514943, 0.08, 0.04, 0.81
514963, 0.09, 0.06, 0.78
514983, 0.09, 0.07, 0.57
515003, 0.14, 0.02, 0.42
515023, 0.19, -0.14, 0.74
515043, 0.13, -0.21, 1.04
515063, 0.17, -0.38, 1.51
515083, 0.10, -0.40, 1.89
515103, -0.00, -0.29, 1.94
515123, -0.06, -0.14, 1.67
515142, 0.00, -0.08, 1.32
515163, 0.09, -0.05, 1.07
515183, 0.13, -0.07, 0.96
515203, 0.11, -0.03, 0.83
515223, 0.13, -0.04, 0.84
515243, 0.15, -0.05, 0.81
515263, 0.10, -0.03, 0.79
515283, 0.06, 0.01, 0.84
515302, -0.01, 0.03, 0.82
515322, 0.01, 0.06, 0.79
515342, 0.00, 0.06, 0.78
515363, -0.02, 0.09, 0.70
515383, 0.01, 0.15, 0.62
515402, 0.09, 0.09, 0.46
515422, 0.19, 0.03, 0.42
515443, 0.10, 0.07, 0.29
515462, 0.24, -0.21, 0.86
515482, 0.28, -0.47, 1.54
515502, 0.24, -0.47, 1.95
515522, -0.01, -0.36, 2.10
515543, -0.10, -0.17, 1.77
515562, -0.05, -0.04, 1.28
515582, 0.04, -0.01, 1.01
515602, 0.05, 0.01, 0.97
515622, 0.07, -0.02, 0.89
515642, 0.12, -0.04, 0.86
515662, 0.13, -0.03, 0.78
515682, 0.17, -0.02, 0.73
515702, 0.12, 0.01, 0.70
515722, 0.10, 0.02, 0.68
515742, 0.06, 0.05, 0.68
515762, 0.04, 0.04, 0.67
515782, 0.06, 0.04, 0.64
515802, 0.09, 0.04, 0.59
515822, 0.10, 0.06, 0.46
515842, 0.13, -0.06, 0.51
515862, 0.24, -0.27, 1.10
515882, 0.20, -0.36, 1.60
515902, 0.09, -0.35, 1.89
515922, 0.04, -0.28, 1.89
515942, 0.03, -0.15, 1.59
515962, 0.02, -0.06, 1.20
515982, 0.07, -0.04, 1.01
516002, 0.08, -0.03, 0.94
516022, 0.09, -0.03, 0.85
516042, 0.11, -0.05, 0.84
516062, 0.10, -0.04, 0.80
516081, 0.08, -0.01, 0.79
516101, 0.07, 0.01, 0.78
516122, 0.07, 0.04, 0.70
516142, 0.07, 0.08, 0.60
516161, 0.10, 0.10, 0.40
516182, 0.14, 0.06, 0.29
516202, 0.15, 0.02, 0.39
516221, 0.11, -0.05, 0.43
516241, 0.19, -0.26, 1.01
516261, 0.14, -0.38, 1.50
516281, 0.04, -0.40, 1.94
516301, -0.09, -0.29, 2.13
516322, -0.12, -0.12, 1.86
516342, -0.04, -0.04, 1.47
516362, 0.04, -0.02, 1.19
516382, 0.09, 0.01, 1.00
516401, 0.12, -0.04, 0.91
516421, 0.16, -0.07, 0.86
516441, 0.17, -0.07, 0.74
516461, 0.17, -0.05, 0.71
516481, 0.11, -0.01, 0.71
516501, 0.11, -0.01, 0.72
516521, 0.08, 0.01, 0.70
516542, 0.05, 0.04, 0.69
516561, 0.05, 0.05, 0.66
516581, 0.10, 0.11, 0.58
516601, 0.22, 0.09, 0.52
516621, 0.18, 0.07, 0.39
516641, 0.14, 0.02, 0.24
516661, 0.23, -0.25, 0.90
516681, 0.12, -0.34, 1.47
516701, 0.14, -0.47, 2.01
516721, -0.13, -0.37, 2.26
516741, -0.24, -0.17, 1.94
516761, -0.10, -0.03, 1.43
516781, -0.01, -0.07, 1.05
516801, 0.06, -0.05, 0.95
516821, 0.07, -0.04, 0.85
516840, 0.10, -0.05, 0.78
516860, 0.15, -0.05, 0.74
516880, 0.18, -0.05, 0.68
516900, 0.19, -0.05, 0.65
516920, 0.16, -0.01, 0.66
516941, 0.06, 0.03, 0.72
516961, 0.02, 0.07, 0.74
516980, 0.04, 0.07, 0.71
517001, 0.11, 0.05, 0.64
517021, 0.18, 0.04, 0.57
517041, 0.18, 0.05, 0.43
517060, 0.23, -0.09, 0.56
517080, 0.21, -0.25, 1.15
517100, 0.17, -0.39, 1.71
517120, -0.06, -0.28, 1.98
517140, -0.13, -0.19, 2.05
517161, -0.08, -0.09, 1.57
517181, -0.04, -0.01, 1.15
517201, 0.07, -0.03, 0.99
517221, 0.05, -0.02, 0.91
517241, 0.10, -0.05, 0.87
517260, 0.17, -0.07, 0.82
517280, 0.19, -0.07, 0.80
517300, 0.18, -0.05, 0.74
517320, 0.16, -0.02, 0.74
517340, 0.11, 0.01, 0.77
517360, 0.09, 0.04, 0.76
517381, 0.07, 0.06, 0.71
517400, 0.10, 0.07, 0.58
517420, 0.15, 0.09, 0.32
517440, 0.16, 0.06, 0.30
517461, 0.13, -0.07, 0.48
517480, 0.17, -0.24, 1.21
517500, 0.10, -0.30, 1.71
517520, 0.18, -0.38, 2.02
517540, 0.04, -0.22, 1.90
517560, 0.03, -0.10, 1.52
517580, 0.12, -0.05, 1.17
517600, 0.16, -0.03, 1.01
517620, 0.14, -0.04, 0.96
517640, 0.14, -0.05, 0.91
517660, 0.16, -0.05, 0.87
517680, 0.16, -0.04, 0.80
517700, 0.17, -0.02, 0.76
517720, 0.16, 0.01, 0.74
517740, 0.11, 0.03, 0.76
517759, 0.08, 0.05, 0.75
517780, 0.10, 0.07, 0.65
517800, 0.15, 0.08, 0.50
517820, 0.19, 0.08, 0.29
517839, 0.20, 0.05, 0.32
517860, 0.17, -0.05, 0.39
517880, 0.18, -0.22, 0.97
517900, 0.08, -0.32, 1.41
517920, 0.10, -0.39, 1.84
517940, -0.03, -0.34, 2.08
517960, -0.03, -0.21, 1.94
517979, 0.12, -0.12, 1.45
517999, 0.16, -0.03, 1.07
518020, 0.13, 0.00, 0.95
518040, 0.10, -0.04, 0.91
518060, 0.14, -0.04, 0.87
518080, 0.15, -0.06, 0.88
518099, 0.13, -0.05, 0.81
518119, 0.14, -0.03, 0.77
518139, 0.13, -0.01, 0.72
518159, 0.11, 0.02, 0.65
518179, 0.14, 0.04, 0.54
518200, 0.13, 0.08, 0.42
518219, 0.13, 0.05, 0.36
518239, 0.16, 0.01, 0.45
518259, 0.12, -0.03, 0.43
518279, 0.29, -0.25, 0.93
518299, 0.30, -0.39, 1.36
518319, 0.28, -0.46, 1.86
518339, 0.19, -0.43, 2.21
518359, 0.14, -0.28, 1.93
518379, 0.14, -0.16, 1.43
518399, 0.14, -0.08, 1.03
518419, 0.13, -0.03, 0.86
518439, 0.13, -0.02, 0.77
518459, 0.15, -0.05, 0.73
518479, 0.20, -0.06, 0.72
518499, 0.22, -0.07, 0.73
518519, 0.16, -0.03, 0.74
518539, 0.12, -0.00, 0.80
518559, 0.11, 0.02, 0.84
518579, 0.14, 0.02, 0.82
518599, 0.13, 0.03, 0.80
518618, 0.15, 0.02, 0.79
518639, 0.14, 0.04, 0.75
518659, 0.17, 0.04, 0.66
518679, 0.20, 0.06, 0.41
518698, 0.23, 0.06, 0.13
518719, 0.19, -0.03, 0.08
518739, 0.22, -0.43, 1.04
518759, 0.17, -0.58, 2.02
518779, 0.07, -0.54, 2.60
518799, -0.01, -0.39, 2.34
518819, 0.05, -0.17, 1.62
518839, 0.10, -0.06, 0.97
518859, 0.20, -0.08, 0.87
518879, 0.13, -0.07, 0.85
518899, 0.16, -0.07, 0.80
518919, 0.19, -0.08, 0.73
518939, 0.16, -0.06, 0.69
518959, 0.16, -0.04, 0.69
518979, 0.13, -0.02, 0.71
518998, 0.08, 0.02, 0.74
519018, 0.06, 0.03, 0.75
519038, 0.11, 0.03, 0.71
519059, 0.10, 0.06, 0.54
519078, 0.20, 0.05, 0.39
519098, 0.22, 0.02, 0.32
519118, 0.18, -0.05, 0.41
519138, 0.23, -0.27, 0.95
519158, 0.24, -0.39, 1.47
519178, 0.15, -0.46, 1.92
519198, 0.00, -0.37, 2.13
519218, -0.06, -0.24, 1.92
519238, -0.01, -0.13, 1.45
519258, -0.00, -0.06, 1.00
519278, 0.04, -0.06, 0.90
519298, 0.05, -0.07, 0.85
519318, 0.12, -0.10, 0.79
519338, 0.18, -0.13, 0.78
519358, 0.20, -0.11, 0.74
519378, 0.21, -0.07, 0.75
519398, 0.19, -0.05, 0.76
519418, 0.18, -0.02, 0.76
519438, 0.15, 0.00, 0.73
519458, 0.15, 0.01, 0.69
519478, 0.15, 0.02, 0.56
519498, 0.19, 0.05, 0.34
519518, 0.17, -0.01, 0.39
519538, 0.10, -0.06, 0.53
519557, 0.24, -0.31, 1.19
519577, 0.27, -0.40, 1.62
519597, 0.26, -0.45, 2.08
519617, 0.09, -0.34, 1.98
519637, 0.08, -0.22, 1.57
519658, 0.08, -0.10, 1.09
519678, 0.12, -0.10, 0.92
519698, 0.08, -0.09, 0.95
519718, 0.07, -0.07, 0.95
519738, 0.11, -0.09, 0.93
519758, 0.13, -0.07, 0.90
519778, 0.15, -0.05, 0.83
519798, 0.15, -0.02, 0.80
519818, 0.13, -0.02, 0.78
519838, 0.13, -0.01, 0.77
519857, 0.11, 0.01, 0.72
519877, 0.08, 0.07, 0.60
519898, 0.12, 0.08, 0.41
519917, 0.20, 0.07, 0.12
519937, 0.24, -0.02, 0.26
519957, 0.14, -0.10, 0.45
519977, 0.23, -0.33, 1.19
519997, 0.26, -0.46, 1.78
520017, 0.14, -0.45, 2.13
520037, -0.10, -0.26, 2.13
520057, -0.16, -0.10, 1.64
520077, -0.04, -0.04, 1.18
520097, 0.03, -0.02, 0.93
520117, 0.06, -0.05, 0.89
520137, 0.06, -0.05, 0.85
520157, 0.12, -0.07, 0.85
520177, 0.12, -0.05, 0.74
520197, 0.13, -0.02, 0.72
520217, 0.12, 0.02, 0.67
520237, 0.11, 0.04, 0.65
520257, 0.11, 0.07, 0.58
520277, 0.16, 0.11, 0.36
520297, 0.20, 0.10, 0.04
520317, 0.30, 0.01, 0.17
520337, 0.29, -0.21, 0.50
520356, 0.38, -0.46, 1.34
520376, 0.15, -0.50, 1.84
520396, 0.00, -0.42, 2.05
520416, -0.09, -0.25, 1.77
520437, -0.14, -0.11, 1.43
520457, -0.11, -0.04, 1.15
520477, -0.05, -0.01, 0.98
520497, -0.03, -0.01, 0.92
520517, 0.03, -0.02, 0.94
520537, 0.11, -0.08, 0.89
520557, 0.12, -0.06, 0.90
520577, 0.16, -0.04, 0.87
520597, 0.07, -0.10, 0.89
520617, 0.09, -0.05, 0.96
520637, 0.06, -0.08, 1.01
520657, 0.06, -0.09, 1.06
520676, 0.09, -0.09, 1.06
520696, 0.12, -0.11, 1.05
520716, 0.15, -0.14, 1.01
520736, 0.16, -0.12, 0.99
520756, 0.18, -0.13, 0.95
520776, 0.22, -0.14, 0.91
520796, 0.22, -0.13, 0.90
520816, 0.23, -0.11, 0.90
520836, 0.23, -0.10, 0.90
520856, 0.22, -0.08, 0.89
520876, 0.21, -0.05, 0.91
520896, 0.19, -0.04, 0.93
520916, 0.18, -0.01, 0.94
520937, 0.15, 0.01, 0.95
520956, 0.15, 0.03, 0.99
520976, 0.12, 0.05, 1.00
520996, 0.13, 0.07, 1.00
521016, 0.12, 0.06, 1.00
521036, 0.16, 0.06, 1.01
521056, 0.17, 0.05, 1.01
521076, 0.18, 0.03, 1.02
521096, 0.18, 0.04, 0.99
521116, 0.20, 0.03, 0.98
521136, 0.19, 0.02, 0.97
521156, 0.19, 0.02, 0.92
521176, 0.19, 0.04, 0.87
521196, 0.18, 0.05, 0.88
521216, 0.16, 0.07, 0.87
521236, 0.15, 0.07, 0.88
521256, 0.18, 0.05, 0.90
521276, 0.18, 0.03, 0.94
521296, 0.15, 0.04, 0.98
521316, 0.19, 0.00, 1.00
521336, 0.19, 0.01, 0.95
521356, 0.22, -0.02, 0.96
521376, 0.23, -0.05, 0.97
521396, 0.25, -0.05, 0.96
521416, 0.25, -0.04, 0.93
521436, 0.26, -0.05, 0.92
521455, 0.27, -0.04, 0.91
521475, 0.26, -0.03, 0.93
